gemma3_reply
"Serbian
"
"Serbian
"
"Serbian
"
"Serbian
"
"Serbian
"
"Serbian
"
"Serbian
"
"Serbian
"
"Serbian
"
"Serbian
"
"Serbian
"
"Serbian
"
"Serbian
"
"Serbian
"
"Serbian
"
"Serbian
"
"Serbian
"
"Serbian
"
"Serbian
"
Serbian
"Serbian
"
"Serbian
"
Serbian
Serbian
"Serbian
"
"Serbian
"
"Serbian
"
"Serbian
"
"Serbian
"
"Serbian
"
"Serbian
"
"Serbian
"
"Serbian
"
"Serbian
"
Serbian
"Serbian
"
"Serbian
"
"Serbian
"
"Serbian
"
"Serbian
"
"Serbian
"
"Serbian
"
Serbian
"Serbian
"
"Serbian
"
"Serbian
"
"Serbian
"
"Serbian
"
"Serbian
"
Serbian
"Serbian
"
"Serbian
"
"Serbian
"
"Serbian
"
Serbian
Serbian
Serbian
Serbian
"Serbian
"
"Serbian
"
"Serbian
"
"Serbian
"
"Serbian
"
"Serbian
"
"Serbian
"
"Serbian
"
"Serbian
"
"Serbian
"
"Serbian
"
"Serbian
"
"Serbian
"
Serbian
Serbian
"Serbian
"
Serbian
"Serbian
"
"Serbian
"
"Serbian
"
"Serbian
"
"Serbian
"
"Serbian
"
"Serbian
"
"Serbian
"
"Serbian
"
"Serbian
"
"Serbian
"
"Serbian
"
"Serbian
"
"Serbian
"
"Serbian
"
"Serbian
"
"Serbian
"
"Serbian
"
"Serbian
"
"Serbian
"
"Serbian
"
"Serbian
"
Serbian
"Serbian
"
"Serbian
"
"Serbian
"
Serbian
"Serbian
"
"Serbian
"
"Serbian
"
"Serbian
"
Serbian
"Serbian
"
Serbian
"Serbian
"
Serbian
"Serbian
"
"Serbian
"
"Serbian
"
"Serbian
"
"Serbian
"
"Serbian
"
"Serbian
"
"Serbian
"
"Serbian
"
"Serbian
"
"Serbian
"
"Serbian
"
"Serbian
"
"Serbian
"
"Serbian
"
"Serbian
"
"Serbian
"
Serbian
"Serbian
"
"Serbian
"
"Serbian
"
"Serbian
"
"Serbian
"
"Serbian
"
"Serbian
"
"Serbian
"
"Serbian
"
"Serbian
"
"Serbian
"
"Serbian
"
"Serbian
"
"Serbian
"
"Serbian
"
Serbian
"Serbian
"
"Serbian
"
"Serbian
"
"Serbian
"
"Serbian
"
"Serbian
"
"Serbian
"
"Serbian
"
"Serbian
"
"Serbian
"
"Serbian
"
"Serbian
"
"Serbian
"
Serbian
"Serbian
"
"Serbian
"
Serbian
"Serbian
"
"Serbian
"
"Serbian
"
"Serbian
"
"Serbian
"
"Serbian
"
"Serbian
"
"Serbian
"
"Serbian
"
"Serbian
"
"Serbian
"
"Serbian
"
"Serbian
"
"Serbian
"
Serbian
"Serbian
"
"Serbian
"
"Serbian
"
"Serbian
"
Serbian
"Serbian
"
"Serbian
"
"Serbian
"
"Serbian
"
"Croatian
"
"Serbian
"
"Serbian
"
"Serbian
"
"Serbian
"
"Serbian
"
"Serbian
"
"Serbian
"
"Serbian
"
"Serbian
"
"Serbian
"
"Serbian
"
"Serbian
"
"Serbian
"
"Serbian
"
Serbian
"Serbian
"
"Serbian
"
"Serbian
"
"Serbian
"
"Serbian
"
"Serbian
"
"Serbian
"
"Serbian
"
"Serbian
"
"Serbian
"
"Serbian
"
"Serbian
"
"Serbian
"
Serbian
"Serbian
"
"Serbian
"
"Serbian
"
"Serbian
"
"Serbian
"
"Serbian
"
"Serbian
"
"Serbian
"
"Serbian
"
"Serbian
"
"Serbian
"
"Serbian
"
"Serbian
"
"Serbian
"
"Serbian
"
"Serbian
"
"Serbian
"
"Serbian
"
"Serbian
"
"Serbian
"
"Serbian
"
"Serbian
"
"Serbian
"
"Serbian
"
"Serbian
"
"Serbian
"
"Serbian
"
"Serbian
"
"Serbian
"
"Serbian
"
"Serbian
"
"Serbian
"
Serbian
"Serbian
"
"Serbian
"
"Serbian
"
"Serbian
"
"Serbian
"
"Serbian
"
"Serbian
"
"Serbian
"
"Serbian
"
"Serbian
"
"Serbian
"
"Serbian
"
"Serbian
"
"Serbian
"
"Serbian
"
"Serbian
"
"Serbian
"
"Serbian
"
"Serbian
"
"Serbian
"
Serbian
"Serbian
"
"Serbian
"
"Serbian
"
"Serbian
"
"Serbian
"
Serbian
"Serbian
"
"Serbian
"
Serbian
Serbian
"Serbian
"
"Serbian
"
"Serbian
"
"Serbian
"
"Serbian
"
"Serbian
"
"Serbian
"
"Serbian
"
"Serbian
"
"Serbian
"
"Serbian
"
"Serbian
"
"Serbian
"
"Serbian
"
"Serbian
"
"Serbian
"
Serbian
"Serbian
"
"Serbian
"
"Serbian
"
"Serbian
"
Serbian
"Serbian
"
"Serbian
"
"Serbian
"
"Serbian
"
"Serbian
"
"Serbian
"
"Serbian
"
"Serbian
"
"Serbian
"
"Serbian
"
"Serbian
"
"Serbian
"
"Serbian
"
"Serbian
"
"Serbian
"
"Serbian
"
"Serbian
"
"Serbian
"
Serbian
"Serbian
"
"Serbian
"
Serbian
Serbian
"Serbian
"
"Serbian
"
"Serbian
"
"Serbian
"
"Serbian
"
"Serbian
"
"Serbian
"
"Serbian
"
"Serbian
"
"Serbian
"
"Serbian
"
"Serbian
"
"Serbian
"
"Serbian
"
"Serbian
"
Serbian
"Serbian
"
"Serbian
"
"Serbian
"
"Serbian
"
"Serbian
"
"Serbian
"
"Serbian
"
"Serbian
"
"Serbian
"
"Serbian
"
"Serbian
"
"Serbian
"
"Serbian
"
"Serbian
"
"Serbian
"
"Serbian
"
"Serbian
"
"Serbian
"
"Serbian
"
"Serbian
"
"Serbian
"
"Serbian
"
"Serbian
"
"Serbian
"
"Serbian
"
"Serbian
"
"Serbian
"
"Serbian
"
"Serbian
"
"Serbian
"
"Serbian
"
"Serbian
"
"Serbian
"
"Serbian
"
"Serbian
"
"Serbian
"
"Serbian
"
"Serbian
"
Serbian
"Serbian
"
"Serbian
"
"Serbian
"
"Serbian
"
"Serbian
"
"Serbian
"
Serbian
"Serbian
"
"Serbian
"
"Serbian
"
"Serbian
"
"Serbian
"
"Serbian
"
"Serbian
"
"Serbian
"
"Serbian
"
Serbian
"Serbian
"
"Serbian
"
"Serbian
"
"Serbian
"
"Serbian
"
"Serbian
"
"Serbian
"
"Serbian
"
"Serbian
"
"Serbian
"
"Serbian
"
"Serbian
"
Serbian
"Serbian
"
"Serbian
"
"Serbian
"
"Serbian
"
"Serbian
"
"Serbian
"
"Serbian
"
"Serbian
"
"Serbian
"
"Serbian
"
"Serbian
"
"Serbian
"
"Serbian
"
"Serbian
"
"Serbian
"
"Serbian
"
Serbian
"Serbian
"
"Serbian
"
"Serbian
"
"Serbian
"
"Serbian
"
"Serbian
"
"Serbian
"
"Serbian
"
"Serbian
"
"Serbian
"
"Serbian
"
"Serbian
"
"Serbian
"
"Serbian
"
"Serbian
"
"Serbian
"
"Serbian
"
"Serbian
"
"Serbian
"
"Serbian
"
"Serbian
"
Serbian
Serbian
"Serbian
"
Serbian
"Serbian
"
"Serbian
"
"Serbian
"
"Serbian
"
"Serbian
"
"Serbian
"
"Serbian
"
"Serbian
"
"Serbian
"
"Serbian
"
"Serbian
"
"Serbian
"
"Serbian
"
"Serbian
"
"Serbian
"
"Serbian
"
"Serbian
"
"Serbian
"
"Serbian
"
"Serbian
"
"Serbian
"
"Serbian
"
"Serbian
"
"Serbian
"
"Serbian
"
"Serbian
"
"Serbian
"
"Serbian
"
"Serbian
"
"Serbian
"
"Serbian
"
"Serbian
"
"Serbian
"
"Serbian
"
"Serbian
"
"Serbian
"
"Serbian
"
"Serbian
"
"Serbian
"
"Serbian
"
"Serbian
"
"Serbian
"
"Serbian
"
"Serbian
"
"Serbian
"
"Serbian
"
"Serbian
"
"Serbian
"
"Serbian
"
"Serbian
"
"Serbian
"
"Serbian
"
"Serbian
"
"Serbian
"
"Serbian
"
"Serbian
"
"Serbian
"
"Serbian
"
"Serbian
"
"Serbian
"
"Serbian
"
"Serbian
"
"Serbian
"
"Serbian
"
"Serbian
"
"Serbian
"
"Serbian
"
"Serbian
"
"Serbian
"
"Serbian
"
"Serbian
"
"Serbian
"
"Serbian
"
"Serbian
"
"Serbian
"
"Serbian
"
"Serbian
"
"Serbian
"
"Serbian
"
"Serbian
"
"Serbian
"
"Serbian
"
"Serbian
"
"Serbian
"
"Serbian
"
"Serbian
"
"Serbian
"
"Serbian
"
"Serbian
"
"Serbian
"
"Serbian
"
"Serbian
"
"Serbian
"
"Serbian
"
"Serbian
"
"Serbian
"
"Serbian
"
"Serbian
"
"Serbian
"
"Serbian
"
"Serbian
"
"Serbian
"
"Serbian
"
"Serbian
"
"Serbian
"
"Serbian
"
"Serbian
"
"Serbian
"
"Serbian
"
"Serbian
"
"Serbian
"
"Serbian
"
"Serbian
"
"Serbian
"
"Serbian
"
"Serbian
"
Serbian
"Serbian
"
"Serbian
"
"Serbian
"
"Serbian
"
"Serbian
"
"Serbian
"
"Serbian
"
"Serbian
"
"Serbian
"
"Serbian
"
"Serbian
"
"Serbian
"
"Serbian
"
"Serbian
"
"Serbian
"
"Serbian
"
"Serbian
"
"Serbian
"
"Serbian
"
"Serbian
"
"Serbian
"
"Serbian
"
"Serbian
"
"Serbian
"
"Serbian
"
"Serbian
"
"Serbian
"
"Serbian
"
"Serbian
"
"Serbian
"
"Serbian
"
"Serbian
"
"Serbian
"
"Serbian
"
"Serbian
"
Serbian
"Serbian
"
"Serbian
"
"Serbian
"
"Serbian
"
"Serbian
"
"Serbian
"
"Serbian
"
"Serbian
"
"Serbian
"
"Serbian
"
"Serbian
"
"Serbian
"
"Serbian
"
"Serbian
"
"Serbian
"
"Serbian
"
"Serbian
"
"Serbian
"
"Serbian
"
"Serbian
"
"Serbian
"
"Serbian
"
"Serbian
"
"Serbian
"
"Serbian
"
"Serbian
"
"Serbian
"
"Serbian
"
"Serbian
"
"Serbian
"
Serbian
"Serbian
"
"Serbian
"
"Serbian
"
"Serbian
"
"Serbian
"
"Serbian
"
"Serbian
"
"Serbian
"
"Serbian
"
"Serbian
"
"Serbian
"
"Serbian
"
"Serbian
"
"Serbian
"
"Serbian
"
"Serbian
"
"Serbian
"
"Serbian
"
"Serbian
"
"Serbian
"
Serbian
"Serbian
"
"Serbian
"
"Serbian
"
"Serbian
"
"Serbian
"
"Serbian
"
"Serbian
"
"Serbian
"
Serbian
"Serbian
"
"Serbian
"
"Serbian
"
"Serbian
"
"Serbian
"
"Serbian
"
"Serbian
"
"Serbian
"
"Serbian
"
"Serbian
"
"Serbian
"
"Serbian
"
"Serbian
"
"Serbian
"
"Serbian
"
"Serbian
"
Serbian
"Serbian
"
"Serbian
"
"Serbian
"
"Serbian
"
"Serbian
"
"Serbian
"
"Serbian
"
"Serbian
"
"Serbian
"
"Serbian
"
"Serbian
"
"Serbian
"
"Serbian
"
"Serbian
"
"Serbian
"
"Serbian
"
"Serbian
"
"Serbian
"
"Serbian
"
"Serbian
"
"Serbian
"
"Serbian
"
"Serbian
"
"Serbian
"
"Serbian
"
"Serbian
"
"Serbian
"
"Serbian
"
"Serbian
"
"Serbian
"
"Serbian
"
"Serbian
"
"Serbian
"
"Serbian
"
"Serbian
"
"Serbian
"
"Serbian
"
"Serbian
"
"Serbian
"
"Serbian
"
"Serbian
"
"Serbian
"
"Serbian
"
Serbian
"Serbian
"
"Serbian
"
"Serbian
"
"Serbian
"
"Serbian
"
"Serbian
"
"Serbian
"
"Serbian
"
"Serbian
"
"Serbian
"
Serbian
"Serbian
"
"Serbian
"
"Serbian
"
"Serbian
"
"Serbian
"
Serbian
"Serbian
"
"Serbian
"
"Serbian
"
"Serbian
"
"Serbian
"
"Serbian
"
"Serbian
"
"Serbian
"
"Serbian
"
"Serbian
"
"Serbian
"
"Serbian
"
Serbian
"Serbian
"
"Serbian
"
"Serbian
"
"Serbian
"
"Serbian
"
"Serbian
"
"Serbian
"
Serbian
"Serbian
"
"Serbian
"
"Serbian
"
"Serbian
"
"Serbian
"
"Serbian
"
"Serbian
"
"Serbian
"
"Serbian
"
"Serbian
"
"Serbian
"
"Serbian
"
"Serbian
"
"Serbian
"
"Serbian
"
"Serbian
"
"Serbian
"
"Serbian
"
"Serbian
"
"Serbian
"
"Serbian
"
"Serbian
"
"Serbian
"
"Serbian
"
"Serbian
"
Serbian
"Serbian
"
"Serbian
"
"Serbian
"
"Serbian
"
"Serbian
"
"Serbian
"
"Serbian
"
"Serbian
"
"Serbian
"
"Serbian
"
"Serbian
"
"Serbian
"
"Serbian
"
"Serbian
"
"Serbian
"
"Serbian
"
"Serbian
"
"Serbian
"
"Serbian
"
"Serbian
"
"Serbian
"
Serbian
"Serbian
"
Serbian
"Serbian
"
"Serbian
"
"Serbian
"
"Serbian
"
"Serbian
"
"Serbian
"
"Serbian
"
"Serbian
"
"Serbian
"
"Serbian
"
"Serbian
"
"Serbian
"
"Serbian
"
"Serbian
"
"Serbian
"
"Serbian
"
"Serbian
"
"Serbian
"
"Serbian
"
"Serbian
"
"Serbian
"
"Serbian
"
"Serbian
"
"Serbian
"
"Serbian
"
"Serbian
"
"Serbian
"
"Serbian
"
"Serbian
"
"Serbian
"
"Serbian
"
"Serbian
"
"Serbian
"
"Serbian
"
"Serbian
"
"Serbian
"
"Serbian
"
"Serbian
"
"Serbian
"
"Serbian
"
"Serbian
"
"Serbian
"
"Serbian
"
"Serbian
"
"Serbian
"
"Serbian
"
"Serbian
"
"Serbian
"
"Serbian
"
"Serbian
"
"Serbian
"
"Serbian
"
"Serbian
"
"Serbian
"
"Serbian
"
"Serbian
"
"Serbian
"
"Serbian
"
"Serbian
"
"Serbian
"
"Serbian
"
Serbian
"Serbian
"
"Serbian
"
"Serbian
"
"Serbian
"
"Serbian
"
"Serbian
"
"Serbian
"
"Serbian
"
"Serbian
"
Serbian
"Serbian
"
"Serbian
"
"Serbian
"
"Serbian
"
"Serbian
"
"Serbian
"
"Serbian
"
"Serbian
"
"Serbian
"
"Serbian
"
"Serbian
"
"Serbian
"
"Serbian
"
"Serbian
"
"Serbian
"
"Serbian
"
"Serbian
"
"Serbian
"
"Serbian
"
"Serbian
"
"Serbian
"
Serbian
"Serbian
"
"Serbian
"
"Serbian
"
"Serbian
"
"Serbian
"
"Serbian
"
"Serbian
"
"Serbian
"
"Serbian
"
"Serbian
"
"Croatian
"
"Serbian
"
"Serbian
"
"Serbian
"
"Serbian
"
"Serbian
"
"Serbian
"
"Serbian
"
"Serbian
"
"Serbian
"
"Serbian
"
"Serbian
"
"Serbian
"
"Serbian
"
"Serbian
"
"Serbian
"
"Macedonian
"
"Serbian
"
"Serbian
"
"Serbian
"
"Serbian
"
"Serbian
"
"Serbian
"
"Serbian
"
"Serbian
"
Serbian
"Serbian
"
"Serbian
"
"Serbian
"
"Serbian
"
"Serbian
"
"Serbian
"
"Serbian
"
"Serbian
"
"Serbian
"
"Serbian
"
"Serbian
"
"Serbian
"
"Serbian
"
"Serbian
"
"Serbian
"
"Serbian
"
"Serbian
"
"Serbian
"
"Serbian
"
"Serbian
"
"Serbian
"
"Serbian
"
"Serbian
"
"Serbian
"
"Serbian
"
"Serbian
"
Serbian
"Serbian
"
"Serbian
"
"Serbian
"
"Serbian
"
"Serbian
"
"Serbian
"
"Serbian
"
"Serbian
"
"Serbian
"
"Serbian
"
"Serbian
"
"Serbian
"
"Serbian
"
"Serbian
"
"Serbian
"
"Serbian
"
"Serbian
"
"Serbian
"
"Serbian
"
"Serbian
"
"Serbian
"
"Serbian
"
"Serbian
"
"Serbian
"
"Serbian
"
"Serbian
"
"Serbian
"
"Serbian
"
"Serbian
"
"Serbian
"
"Serbian
"
"Serbian
"
"Serbian
"
"Serbian
"
Serbian
"Serbian
"
"Serbian
"
"Serbian
"
"Serbian
"
"Serbian
"
