text,gpt_reply
ການກາຍພັນ ເພີ່ມການປ່ຽນແປງທາງພັນທຸກຳໃໝ່ ແລະ ການຄັດເລືອກເອົາມັນອອກຈາກກຸ່ມຂອງການປ່ຽນແປງທີ່ຊັດເຈນ.,science/technology
ລະເບີດປະສົມ ເຮັດວຽກຕາມຫຼັກການທີ່ໃຊ້ພະລັງງານຈາກການລວມກັນຂອງນີວເຄຼຍ ທີ່ມີໂປຼຕົງ ແລະ ເນີຕົງຈຳນວນຫຼາຍເຂົ້າກັນ.,science/technology
ນິວເຄຍປະກອບດ້ວຍສອງອະນຸພາກ ເຊິ່ງກໍຄື ນິວຕອນ ແລະ ໂປຣຕອນ.,science/technology
ສິ່ງນີ້ເຮັດໃຫ້ເລນຊູມ ສາມາດຖ່າຍຮູບທີ່ມີຄຸນະພາບທຽບເທົ່າກັບທີ່ຖ່າຍໂດຍໃຊ້ເລນທີ່ມີຄວາມຍາວໂຟກັດຄົງທີ່.,science/technology
"ພວກມັນດີກວ່າເວັບພຼອັກຊີ່ (web proxies) ດ້ວຍຫຼາຍໆເຫດຜົນ: ພວກເຂົາສັບປ່ຽນໃຊ້ເສັ້ນທາງການຈະລາຈອນທາງອິນເຕີເນັດໄດ້ທັງໝົດ, ບໍ່ພຽງແຕ່ໃຊ້ http ເທົ່ານັ້ນ.",science/technology
ການອອກແບບທີ່ມີປະຕິສຳພັນ ຕ້ອງການໃຫ້ທ່ານປະເມີນຄືນຂໍ້ສົມມຸດຖານຂອງທ່ານກ່ຽວກັບການຜະລິດສື່ ແລະ ຮຽນຮູ້ທີ່ຈະຄິດໃນແບບທີ່ບໍ່ເປັນທາງຊື່ທາງດຽວ.,science/technology
"ນີ້ໄດ້ກາຍເປັນການປະຕິບັດທຳມະດາ, ແຕ່ວ່າເຫຼັກເປັນເຫດໃຫ້ໄດ້ໃສ່ຢູ່ລໍ້ໄມ້ຫຼາຍຂຶ້ນຂອງກວຽນ.",science/technology
"ຄວາມພາກພູມໃຈປະກອບດ້ວຍເພດຜູ້ທີ່ກ່ຽວຂ້ອງ ໜຶ່ງ ຫາ ສາມໂຕ, ລວມທັງເພດແມ່ ແລະ ລູກອີກເຖິງສາມສິບໂຕ.",science/technology
"ເຖິງແມ່ນວ່າ ຄວາມສະຫຼາດທຽມ (AI) ຈະມີຄວາມໝາຍແຝງຢ່າງຍິ່ງຢູ່ໃນນິຍາຍວິທະຍາສາດ, AI ໄດ້ກາຍເປັນສາຂາໜຶ່ງທີ່ສຳຄັນຫຼາຍຂອງວິທະຍາສາດຄອມພີວເຕີ້ທີ່ກ່ຽວຂ້ອງກັບພຶດຕິກຳ, ການຮຽນຮູ້ ແລະ ການປັບຕົວທີ່ສະຫຼາດໃນເຄື່ອງຈັກ.",science/technology
ອັດຕາສ່ວນຂອງຮູບແບບນີ້ (ຫານໃຫ້ສິບສອງເພື່ອໃຫ້ໄດ້ອັດຕາສ່ວນຈໍານວນເຕັມທີ່ງ່າຍດາຍທີ່ສຸດ) ສະນັ້ນຈຶ່ງເວົ້າໄດ້ວ່າເທົ່າກັບ 3:2.,science/technology
ໂທລະສັບດາວທຽມທົ່ວໄປແລ້ວບໍ່ແມ່ນການປ່ຽນແທນສຳລັບໂທລະສັບມືຖືເພາະວ່າທ່ານຕ້ອງຢູ່ກາງແຈ້ງທີ່ມີການເບິ່ງເຫັນຊັດເຈນກັບດາວທຽມເພື່ອໃຊ້ໂທ.,science/technology
"ເຖິງແມ່ນວ່າລໍ້ຍູ້ທີ່ໃຊ້ມ້າລາກຈະປະກອບດ້ວຍກະດານໄມ້ເປັນແຜ່ນ, ພວກມັນໃຫ້ມ້າດຶງພວກມັນໃຫ້ຮອດຄວາມໄວທີ່ສູງຂຶ້ນ ແລະ ດຶງແນວໃສ່ເຄື່ອງທີ່່ໃຫຍ່ກວ່າໃນຖະໜົນທີ່ຂຸຂະເລັກນ້ອຍໃນແຕ່ລະມື້.",travel
"ຄົນຮູ້ກ່ຽວກັບອົງປະກອບເຄມີຂັ້ນພື້ນຖານເຊັ່ນ: ຄຳ, ເງິນ ແລະ ທອງແດງຈາກສະໄໝບູຮານ, ເຊິ່ງສິ່ງເຫຼົ່ານີ້ສາມາດຄົ້ນພົບໄດ້ໃນທຳມະຊາດໃນຮູບແບບດັ້ງເດີມ ແລະ ງ່າຍໃນການຂຸດຄົ້ນດ້ວຍເຄື່ອງມືດັ້ງເດີມ.",science/technology
ກົງລໍ້ໄດ້ປ່ຽນແປງໂລກດ້ວຍວິທີທີ່ໜ້າເຫຼືອເຊື່ອ. ສິ່ງທີ່ຍິ່ງໃຫຍ່ທີ່ສຸດທີ່ກົງລໍ້ໄດ້ຊ່ວຍເຮົາກໍຄືເຮັດໃຫ້ການຄົມມະນາຄົມຂົນສົ່ງນັ້ນງ່າຍ ແລະ ໄວຂຶ້ນຫຼາຍ.,science/technology
ເພື່ອຮັບປະກັນວ່າຮູບພາບຈະຄວບຄຸມໜ້າຈໍທັງໝົດ. ທີ່ເອີ້ນວ່າ overscan.,science/technology
ເຮືອດໍານໍ້າຂອງເຢຍລະມັນຖືກເອີ້ນວ່າ U-Boats. ຊາວເຢຍລະມັນມີຄວາມເກັ່ງໃນການນຳທາງ ແລະ ການບັງຄັບເຮືອດໍານໍ້າຂອງພວກເຂົາ.,geography
"ເຖິງແມ່ນວ່າພາວະທາງກາຍະພາບຂອງມັນອາດຈະປ່ຽນແປງ, ແຕ່ພາວະທາງເຄມີຂອງມັນຍັງຄືເກົ່າ.",science/technology
ຄວາມເຄັ່ງຕຶງໜ້ານ້ຳເກີດຂຶ້ນເນື່ອງຈາກໂມເລກຸນຂອງນໍ້າຢູໜ້ານໍ້າຖືກດຶງດູດເຊິ່ງກັນ ແລະ ກັນຫຼາຍກ່ວາໂມເລກຸນຂອງພວກມັນທີ່ຢູ່ໃນອາກາດທີ່ຢູ່ເໜືອພວກມັນ.,science/technology
ຫນຶ່ງໃນບັນຫາທົ່ວໄປສ່ວນໃຫຍ່ໃນເວລາທີ່ພະຍາຍາມປ່ຽນຮູບເງົາເປັນຮູບແບບ DVD ແມ່ນການສະແກນພາບໃຫ້ໃຫຍ່ຂຶ້ນ.,science/technology
ໂດຍສະເພາະມີການອ້າງວ່າສາມາດກວດສອບໄດ້ວ່າບຸກຄົນໃດຕົວະໂດຍການຕີຄວາມຫມາຍຂອງຈຸນລະພາກຢ່າງຖືກຕ້ອງ ຫຼື ບໍ.,science/technology
ຄຳສາມາດນຳໃຊ້ເຂົ້າໄປໃນທຸກແບບຂອງຮູບຮ່າງ. ມັນສາມາດມ້ວນໃຫ້ຢູ່ໃນຮູບຮ່າງນ້ອຍໆ.,science/technology
"ລະບົບ AI ໃນປະຈຸບັນແມ່ນຖືກນຳໃຊ້ໃນຂົງເຂດຂອງເສດຖະກິດ, ການແພດ, ວິສະວະກຳ ແລະ ການທະຫານເຊິ່ງໄດ້ຖືກສ້າງຂຶ້ນໃນຫລາຍຄອມພິວເຕີ້ີຢູ່ບ້ານ ແລະ ໂປແກຮມຊອຟແວວີດີໂອເກມ.",science/technology
"ໃນປັດຈຸບັນມັນກໍຍັງຖືກຜະລິດຢູ່, ແຕ່ສິ່ງທີ່ສຳຄັນໄປກວ່ານັ້ນແມ່ນອັດຕາສ່ວນຂອງມັນທີ່ໄດ້ຖືກສືບທອດໂດຍຮູບແບບເຊັນເຊີການຖ່າຍພາບຂອງກ້ອງຖ່າຍຮູບດິຈິຕອນ.",science/technology
ກົດສາມສ່ວນທີ່ຖືກໃຊ້ໃນທາງທີ່ຜິດຫຼາຍ ແລະ ມັກຈະຖືກເຍາະເຍີ້ຍແມ່ນແນວທາງງ່າຍໆທີ່ສ້າງຄວາມແຂງແຮງພ້ອມທັງຮັກຄວາມເປັນລະບຽບຂອງຮູບພາບ.,science/technology
"ທິດສະດີໄດ້ຖືກເຜີຍແຜ່ຢ່າງກວ້າງຂວາງ ນີ້ບໍ່ພຽງແຕ່ຢືນຢັນວ່າຢ່າງໜ້ອຍໄດໂນເສົາບາງຈຳພວກມີຂົນ, ແຕ່ບໍ່ສາມາດໃຫ້ລາຍລະອຽດໂດຍທົ່ວໄປຂອງຊາກດຶກດຳບັນໄດ້ ເຊັ່ນ ລາຍລະອຽດກ່ຽວກັບສີ ແລະ ການຈັດລຽງແບບສາມມິຕິ.",science/technology
"ແຮງໂນ້ມຖ່ວງຂອງ ດາວໄອໂອ (Io) ຈະດຶງດູດຂ້ອຍໄດ້ແນວໃດ? ຖ້າທ່ານຢືນຢູ່ເທິງຜິວໜ້າຂອງ ດາວໄອໂອ (Io), ທ່ານຈະມີນ້ຳໜັກໜ້ອຍກວ່າທີ່ທ່ານຢູ່ເທິງໂລກ.",science/technology
NextGen ແມ່ນລະບົບທີ່ FAA ອ້າງວ່າຈະຊ່ວຍໃຫ້ເຮືອບິນດ້ວຍເສັ້ນທາງທີ່ສັ້ນລົງ ແລະ ປະຢັດນໍ້າມັນເຊື້ອໄຟໄດ້ຫຼາຍລ້ານແກັລລອນໃນແຕ່ລະປີ ແລະ ຍັງຫຼຸດຜ່ອນການປ່ອຍກາກບອນອອກສູ່ອາກາດອີກດ້ວຍ.,science/technology
ຂໍ້ມູນທາງປະສາດວິທະຍາໃຫ້ຫຼັກຖານທາງດ້ານກາຍຍະພາບສຳລັບແນວທາງທິດສະດີຕໍ່ການສືບສວນຕໍ່ການຮັບຮູ້. ດັ່ງນັ້ນມັນຈຶ່ງເຮັດໃຫ້ພື້ນທີ່ຄົ້ນຄ້ວາແຄບລົງ ແລະ ເຮັດໃຫ້ມັນແນ່ນອນກວ່າເກົ່າ.,science/technology
ໃນລະຫວ່າງການກ່າວຄຳປາໄສ 2 ຊົ່ວໂມງ ລາວໄດ້ກ່າວວ່າ “ມື້ນີ້ Apple ກຳລັງຈະປັບປຸງໂທລະສັບໃໝ່ ເຊິ່ງພວກເຮົາຈະສ້າງປະຫວັດສາດໃນມື້ນີ້”,science/technology
ຂໍ້ເສຍຂອງເລນຊູມ ແມ່ນຄວາມຊັບຊ້ອນກ່ຽວກັບຈຸດໂຟກັສ ແລະ ຈຳນວນຂອງອົງປະກອບເລນທີ່ຈຳເປັນເພື່ອບັນລຸລະຊ່ວງໄລຍະໂຟກັສແມ່ນມີຄວາມໃຫ່ຍກ່ວາເລນໄພຼມ໌ (prime).,science/technology
"ຄ້າຍຄືກັບການໃຊ້ຣີໂມດໂທລະພາບ, ທີ່ຜູ້ຄວບຄຸມໃຊ້ເຊັນເຊີສອງຕົວຊີ້ໄປໃກ້ໆກັບໂທລະພາບຂອງຜູ້ໃຊ້ ເພື່ອການຈັດວາງຕຳແໜ່ງຂອງມັນໃຫ້ເປັນສາມຫຼ່ຽມແບບສາມມິຕິ.",science/technology
. ນັກວິທະຍາສາດກ່າວວ່າຂົນຂອງສັດປ່າໂຕນີ້ຄືສີນໍ້າເກົາລັດຢູ່ທາງເທິງທີ່ຈາງລົງ ຫຼື ສີແຄໂຣທີນອຍຢູ່ທາງລຸ່ມ.,science/technology
ນັກຄົ້ນຄວ້າຂອງມະຫາວິທະຍາໄລໄດ້ກ່າວວ່າ ສານປະສົມສອງຢ່າງນີ້ເກີດປະຕິກິລິຍາຊຶ່ງກັນ ແລະ ກັນ ແລ້ວຈະຕົກພຶກ ຊຶ່ງອາດຈະໄປກີດຂວາງການເຮັດວຽກຂອງໝາກໄຂ່ຫຼັງ.,science/technology
ສິ່ງນີ້ໃຫ້ຄວາມລະອຽດເກືອບສີ່ເທົ່າຂອງ 35 ມມ ລົບ (3136 ມມ2 ທຽບໃສ່ 864).,science/technology
"ຂໍຂອບໃຈສຳລັບການເຊື່ອມຕໍ່ສາຍເຄເບິນ ສາຍໃຍແກ້ວນຳແສງໄປສູ່ທະວີບເອີຮົບ ແລະ ດາວທຽມບອດແບນ, ປະເທດ ກຼີນແລນ ຈຶ່ງສາມາດເຊື່ອມຕໍ່ໄດ້ຢ່າງຄ່ອງຕົວກັບກັບປະຊາກອນ 93% ທີ່ເຂົ້າເຖິງອິນເຕີເນັດໄດ້.",science/technology
ໜຶ່ງໃນແອັບທີ່ໂດດເດັ່ນທີ່ສຸດໃນໝວດນີ້ແມ່ນ Google Translate ເຊິ່ງຊ່ວຍໃຫ້ສາມາດແປພາສາແບບອັອຟລາຍໄດ້ຫຼັງຈາກດາວໂຫຼດຂໍ້ມູນພາສາທີ່ຕ້ອງການແປມາ.,science/technology
"ໂຄງສ້າງຂອງໂມເລກຸນຈະຍັງຄືເກົ່າບໍ່ວ່າມັນຈະເປັນທາດອາຍ, ທາດແຫຼວ ຫຼື ຂອງແຂງ.",science/technology
ການນຳໃຊ້ການບັນທຶກວິດີໂອໄດ້ເຮັດໃຫ້ມີການຄົ້ນພົບທີ່ສຳຄັນໃນການຕີຄວາມໝາຍໃນການສະແດງອອກເທິງໃບໜ້າເຊິ່ງເປັນເວລາພຽງສອງສາມມິນລີວິນາທີ.,science/technology
ມະນຸດໄດ້ເຮັດການຜະລິດ ແລະ ໃຊ້ເລນສຳລັບການຂະຫຍາຍໃຫຍ່ຂື້ນເປັນເວລາຫລາຍພັນປີ.,science/technology
"ມັນບໍ່ແມ່ນຄົນດຽວ, ການທົດລອງ ແລະ ການທົດລອງແມ່ນການທົດສອບທີ່ໃຊ້ເພຶ່ອຈໍາກັດສົມມຸດຕິຖານທີ່ເປັນໄປໄດ້ໜຶ່ງຂໍ້ຂຶ້ນໄປ, ການຖາມຄໍາຖາມ ແລະ ການສັງເກດການຍັງເປັນແນວທາງໃນການວິໄຈໃນທາງວິທະຍາສາດອີກດ້ວຍ.",science/technology
"ໃນທີ່ສຸດແລ້ວ, ລໍ້ໄມ້ແມ່ນໄດ້ຖືກປ່ຽນແທນດ້ວຍລໍ້ເຫຼັກ. ໃນປີ 1767 ລາງລົດໄຟເຫຼັກແບບເຕັມຮູບແບບເທື່ອທຳອິດໄດ້ຖືກນຳສະເໜີ.",science/technology
"ເຖິງແມ່ນວ່າບັດສ່ວນໃຫຍ່ຈະເໝາະສຳລັບການໂທໄປທຸກໆບ່ອນ, ແຕ່ໃນບາງກໍລະນີກໍຈະໃຫ້ອັດຕາການໂທທີ່ດີແກ່ກຸ່ມປະເທດສະເພາະ.",technology
ກ້ອງສ່ອງທາງໄກສຳລັບການຄົ້ນຄວ້າທີ່ທັນສະໄໝ ສ່ວນຫຼາຍແມ່ນສິ່ງອຳນວຍຄວາມສະດວກທີ່ຍິ່ງໃຫ່ຍສຸດໃນເຂດຫ່າງໄກສອກຫຼີກທີ່ມີສະພາບອາກາດທີ່ເອື້ອອຳນວຍ.,science/technology
ເຂັມເຫຼັກລອຍຢູ່ເທິງໜ້ານໍ້າຍ້ອນຄວາມກົດດັນຂອງໜ້ານ້ຳ.,science/technology
"ຮູບແບບ 35ມມ ແມ່ນຮູບແບບຕົວຈິງແລ້ວ, ແຕ່ກໍຍັງສັບສົນກັບ, ຄວາມກວ້າງ 36ມມ ຄູນກັບ ຄວາມສູງ 24 ມມ.",science/technology
"ຈຸລັງນັ້ນຈໍາເປັນ ແລະ ສຳຄັນຕໍ່ການສຶກສາຂອງຊີວິດ, ໃນຄວາມເປັນຈິງພວກມັນມັກຖືກເອີ້ນວ່າ “ໜ່ວຍການສ້າງຂອງຊີວິດ”.",science/technology
ຜູ້ໃຫ້ບໍລິການ VPN ສ່ວນຕົວ (ເຄືອຂ່າຍເອກະຊົນແບບຄ້າຍຄື) ​​ແມ່ນວິທີການທີ່ດີເລີດໃນການຫລີກລ້ຽງທັງການກວດສອບການເມືອງ ແລະ ການລະບຸຕໍາແໜ່ງທາງພູມມີສາດໃນທາງການຄ້າ.,science/technology
ສະຖານີດັ່ງກ່າວຍັງຮັກສາທ່າທີຂອງມັນໄວ້ຄືເກົ່າ ເຖິງແມ່ນວ່າຈະມີການສູນເສຍເຄື່ອງຮັກສາການຊົງຕົວໃນພາລະກິດຂອງສະຖານີອາວະກາດກ່ອນຫນ້ານີ້ຈົນສິ້ນສຸດການສຳຫຼວດອາວະກາດ.,science/technology
"ຄົນທີ່ມີແນວຄິດແບບນີ້ຈະມີຄວາມຄິດທີ່ມີເຫດມີຜົນສາມາດຕື່ຈຳຮູບແບບຕ່າງໆ, ແກ້ໄຂບັນຫາ ແລະ ເຮັດວຽກກ່ຽວກັບການທົດລອງສະເພາະທາງໄດ້.",science/technology
"ແມວປ່າມັກກິນສັດນ້ອຍ. ພວກມັນຈະຈັບລິງ, ງູ, ໜູ ແລະ ນົກ ຖ້າພວກມັນສາມາດ. ເກືອບທັງໝົດຂອງສັດທີ່ແມວປ່າລ່າແມ່ນສັດໜ້ອຍກວ່າມັນຫຼາຍ.",science/technology
ກ້ອງຟິມຂະໜາດກາງບາງກ້ອງໃຊ້ຂະໜາດ 6x6 ຊມ ແລະ ພາບຂາວດຳແຈ້ງຫຼາຍຂຶ້ນເຖິງ 56x56 ມມ.,science/technology
ນັກທ່ອງທ່ຽວໄດ້ຖືກແນະນຳຢ່າງໜັກໃຫ້ມີສະຕິໃນການລະວັງຕົວກັບຄວາມສ່ຽງຂອງສະພາບອາກາດທີ່ຮ້າຍແຮງທີ່ຈະສົ່ງຜົນກະທົບແກ່ພື້ນທີ່ຂອງພວກເຂົາເພາະວ່າມັນອາດຈະສົ່ງຜົນກະທົບຕໍ່ແຜນການເດີນທາງອັນໃດກໍໄດ້.,travel
"ລົດໂດຍສານອອກຈາກສະຖານີລົດເມລະຫວ່າງເມືອງ (ຂ້າມແມ່ນໍ້າ) ໝົດມື້, ຫຼາຍທີ່ສຸດສະເພາະແມ່ນລົດໂດຍສານທີ່ໄປທາງທິດຕາເວັນອອກ ແລະ Jakar / Bumthang ອອກເດີນທາງລະຫວ່າງ 06:30 ແລະ 07:30.",travel
ພວກເຂົາໃຫ້ຄວາມໝັ້ນຄົງຫຼາຍຂື້ນສຳລັບຜູ້ຂັບຂີ່ແຕ່ສາມາດມີຄວາມກັງວົນກ່ຽວກັບຄວາມປອດໄພເນື່ອງຈາກສັກກະຍະພາບຂອງຄົນຂັບຂີ່ທີ່ຈະຕິດຢູ່ກັບພວກເຂົາ.,science/technology
"ສ່ວນໃຫຍ່ຂອງການລ່ອງເຮືອ Baltic ທີ່ໂດດເດັ່ນສ່ວນໃຫຍ່ມີການພັກເຊົາໄລຍະຍາວຢູ່ເມືອງ St. Petersburg, ຣັດເຊຍ.",travel
"ຄຳແນະນຳດັ່ງກ່າວ ຖືວ່ານັກທ່ອງທ່ຽວບໍ່ໄດ້ລັກເຄື່ອງ, ລ່ວງເກີນ, ເຂົ້າຮ່ວມໃນຕະຫຼາດທີ່ຜິດກົດໝາຍ, ຂໍທານ ຫຼື ນຳໃຊ້ຄົນອື່ນເພື່ອຫາຜົນປະໂຫຍດໃຫ້ຕົນເອງ.",travel
ເຈົ້າຕ້ອງໄດ້ພິຈາລະນາຫຼາຍສິ່ງຫຼາຍຢ່າງທັງກ່ອນ ແລະ ຕອນທີ່ເຈົ້າເດີນທາງໄປບ່ອນໃດບ່ອນໜຶ່ງ.,travel
"ໃນຊ່ວງອາກາດຮ້ອນຂອງມື້, ນັກທ່ອງທ່ຽວສາມາດປະສົບກັບພາບລວງຕາຕ່າງໆທີ່ເຮັດໃຫ້ເຂົ້າໃຈຜິດວ່າເປັນນ້ຳ (ຫຼື ສິ່ງອື່ນໆ).",travel
ຄອບຄົວທີ່ມີເດັກນ້ອຍແມ່ນຫາເບິ່ງໄດ້ຢາກແຕ່ຫໍພັກບາງບ່ອນກໍໃຫ້ພວກເຂົາຢູ່ຫ້ອງສ່ວນຕົວໄດ້.,travel
"ຕົວຢ່າງເຊັ່ນ: ການໄປຢ້ຽມຢາມຫໍຜາສາດໃນລຸ່ມແມ່ນ້ຳລົວຣ໌ (Loire Valley), ຮ່ອມພູໄຣນ໌ (Rhine) ຫຼື ລ່ອງເຮືອໄປຍັງບັນດາເມືອງທີ່ ໜ້າສົນໃຈລຽບຕາມແມ່ນ້ຳ ດານຸບ (Danube) ຫຼື ຂີ່ເຮືອໄປຕາມຄອງອີຣີ (Erie Canal).",travel
ມັນຈະເປັນການດີກວ່າຖ້າເຈົ້າໃຊ້ຕົວແທນທີ່ຈອງການເດີນທາງຄ້າຍໆກັບເຈົ້າ.,travel
Couchsurfing ກໍ່ຕັ້ງຂຶ້ນໃນເດືອນມັງກອນປີ 2004 ຫຼັງຈາກນັກຂຽນໂປຣແກຣມຄອມພິວເຕີ້ Casey Fenton ຄົ້ນພົບສາຍການບິນລາຄາຖືກໄປປະເທດ Iceland ແຕ່ບໍ່ມີທີ່ພັກໃຫ້.,travel
ໂດຍທົ່ວໄປແລ້ວວີຊ່ານັກຮຽນມີຂໍ້ກໍານົດ ແລະ ຂັ້ນຕອນການສະໝັກທີ່ແຕກຕ່າງຈາກວີຊ່າທ່ອງທ່ຽວ ຫຼື ວີຊ່າທຸລະກິດປົກກະຕິ.,travel
ແຕ່ລະປະເທດກໍມີກົດໝາຍທີ່ບໍ່ຄືໃຜເຊິ່ງຮຽກຮ້ອງໃຫ້ມີສິ່ງຂອງຈໍາເປັນຕ່າງໆທີ່ຕ້ອງມີໃນລົດ.,travel
"ເຖິງແມ່ນວ່າ ບໍລິສັດຕົວແທນສ່ວນໃຫຍ່ຈະຍິນດີໃຫ້ບໍລິການຈອງແບບປົກກະຕິທີ່ສຸດ, ແຕ່ຕົວແທນຫຼາຍຄົນກໍອາດຈະລະບຸປະເພດສະເພາະຂອງການເດີນທາງ, ຂອງຂອບເຂດງົບປະມານ ຫຼື ຈຸດໝາຍປາຍທາງຕ່າງໆ.",travel
ນັກທ່ອງທ່ຽວອາດປະເຊີນກັບສັດຕູພືດທີ່ພວກເຂົາບໍ່ລຶ້ງເຄີຍໃນພື້ນທີ່ບ້ານເກີດຂອງພວກມັນ.,travel
ນອກຈາກນີ້ທາງເໜຶອຍັງຢ້ຽມຊົມວິຫານສັກສິດແຫ່ງພະແມ່ຟາຕິມາ (ສານເຈົ້າ) ເຊິ່ງເປັນສະຖານທີ່ປະຈັກຂອງແມ່ມາຣຽນທີ່ມີຊື່ສຽງທົ່ວໂລກ.,travel
ເຈົ້າສາມາດໃຊ້ boda-boda (ລົດຈັກຮັບຈ້າງ) ເພຶ່ອໄປອ້ອມຮອບ Goma. ລາຄາປົກກະຕິ (ໃນທ້ອງຖິ່ນ) ຄື ~ 500 ຟຣັງຄອງໂກ ສຳລັບການຂີ່ໄລຍະທາງສັ້ນ.,travel
"ສຳລັບຄົນທີ່ມັກກິດຈະກຳກາງແຈ້ງ, ການຍ່າງໄປຕາມທະເລ ແລະ ທາງຍ່າງລອຍຟ້າແມ່ນສິ່ງຈຳເປັນ.",travel
"ການເດີນປ່າຊາຟາຣີ (ຫຼື ເອີ້ນວ່າ “ການເດີນປ່າ” , “ການປີນເຂົາຊາຟາຣີ” ຫຼື ການໄປ “ຍ່າງດ້ວຍເທົ້າ”) ແມ່ນປະກອບດ້ວຍການປີນເຂົາ, ບໍ່ວ່າຈະເປັນເວລາສອງສາມຊົ່ວໂມງ ຫຼື ຫຼາຍມື້ກໍຕາມ.",travel
ວິທີດຽວທີ່ຈະໃຫ້ມັນຜ່ານໄວຂຶ້ນກໍຄືສົ່ງມັນໄປເປັນກະເປົາທີ່ຜ່ານກວດກາແລ້ວແບບເປັນກະເປົາຂອງຜູ້ໂດຍສານ. ລະບຽບຂອງສາຍການບິນຈະບໍ່ອະນຸຍາດໃຫ້ພວກເຂົາສົ່ງກະເປົາໂດຍບໍ່ມີຜູ້ໂດຍສານຊຶ່ງແມ່ນບ່ອນທີ່ທ່ານເຂົ້າມາ.,travel
"ລົດອີກ 300 ຄັນ ລວມທັງໝົດເປັນ 1,300 ຄັນ ເພື່ອບັນເທົາຄວາມແອອັດ.",transportation
ຄອບຄົວທີ່ມີເດັກນ້ອຍໆອາດຈະຕ້ອງການການກຽມພ້ອມຫຼາຍຂຶ້ນແຕ່ການອອກໄປນອກກໍເປັນໄປໄດ້ງ່າຍເຖິງແມ່ນວ່າຈະມີເດັກນ້ອຍໆ ແລະ ເດັກກ່ອນໄວຮຽນກໍຕາມ.,travel
"ຜູ້ໃດກໍຕາມທີ່ກຳລັງຈະຂັບລົດໃນລະດັບເສັ້ນແວງທີ່ສູງ ຫຼື ຂ້າມພູຄວນພິຈາລະນາຄວາມເປັນໄປໄດ້ຂອງຫິມະ, ນ້ຳກ້ອນ ຫຼື ອຸນຫະພູມທີ່ເໜັບໜາວຫຼາຍ.",travel
"ທຸກມື້ນີ້, ເມືອງ Timbuktu ເປັນຕົວເມືອງທີ່ທຸກຍາກ, ເຖິງແມ່ນວ່າຊື່ສຽງຂອງເມືອງຈະເຮັດໃຫ້ເມືອງກາຍເປັນແຫຼ່ງດຶງດູດນັກທ່ອງທ່ຽວ ແລະ ມີສະໜາມບິນກໍຕາມ.",geography
"ໃນຊ່ວງເກີດລົມພາຍຸຫິມະ, ຫິມະທີ່ມີພຽງພໍທີ່ຈະເຮັດໃຫ້ທ່ານຄາຕິດຢູ່ໄດ້ ແມ່ນມີຄວາມສາມາດທີ່ຈະຕົກລົງມາໜ້ອຍທີ່ສຸດ.",geography
"ຖ້າທ່ານຕ້ອງການບິນອ້ອມໂລກໃຫ້ຄົບໃນ Southern Hemisphere, ທາງເລືອກຂອງຖ້ຽວບິນ ແລະ ຈຸດໝາຍປາຍທາງຈະມີຈຳກັດຍ້ອນຄວາມບົກຜ່ອງຂອງເສັ້ນທາງຂ້າມມະຫາສະໝຸດ.",travel
"ສາຍການບິນຕ່າງໆເຊັ່ນ Emirates, Etihad Airways, Qatar Airways & Turkish Airlines ມີການຂະຫຍາຍການບໍລິການຂອງພວກເຂົາໄປອາຟຣິກາຢ່າງກວ້າງຂວາງ ແລະ ສະເໜີການເຊື່ອມຕໍ່ກັບຫຼາຍເມືອງໃຫຍ່ໃນອາຟຣິກກາດ້ວຍອັດຕາທີ່ແຂ່ງຂັນກັບສາຍການບິນອື່ນໆໃນເອີຣົບ.",travel
ບໍ່ມີການຂົນສົ່ງພິເສດໃດໆ ເພີ່ມຕື່ມໃສ່ ແລະ ລົດໄຟເທິງພື້ນດິນຈະແລ່ນບໍ່ຢຸດ ໃນ ເວມບຼີ (Wembley) ແລະ ບ່ອນຈອດລົດ ແລະ ບ່ອນຂຶ້ນລົງລົດສາທາລະນະ ແມ່ນບໍ່ມີໃຫ້ໃຊ້ໄດ້ຢູ່ພື້ນດິນ.,travel
"ໂດຍທົ່ວໄປ, ການຢູ່ຕ່າງປະເທດເປັນເວລາດົນນານເຈົ້າຈະຕ້ອງເຮັດວີຊ່າກ່ອນລວງໜ້າ.",travel
ລົດໄຟທຸກໆຄັນມີຊັ້ນໂດຍສານລາຄາຖືກ ລວມທັງ ເມໂທຼພຼັສ໌ (MetroPlus) ແລະ (ເມໂທຼ) Metro; ຊັ້ນໂດຍສານລາຄາຖືກຂອງ ເມໂທຼພຼັສ໌ (MetroPlus) ແມ່ນຢູ່ໃນຈຸດສຸດທ້າຍຂອງລົດໄຟທີ່ໃກ້ກັບນະຄອນ ເຄບທາວນ໌ (Cape Town) ທີ່ສຸດສະເໝີ.,travel
ທຸກໆຄົນທີ່ຢູ່ໃນສັງຄົມ ແລະ ນຳໃຊ້ລະບົບຂົນສົ່ງ. ເກືອບທຸກຄົນຕຳໜິກ່ຽວກັບລະບົບການຂົນສົ່ງ.,travel
"ຍ້ອນວ່າພື້ນທີ່ດັ່ງກ່າວມີປະຊາກອນບາງເບົາ ແລະ ມົນລະພິດໜ້ອຍ, ດັ່ງນັ້ນທ່ານກໍຈະສາມາດເພີດເພີນກັບດວງດາວ.",geography
ຂໍ້ຮຽກຮ້ອງ ແລະ ຄ່າໃຊ້ຈ່າຍຕ່າງໆໃນການເຮັດວີຊາຂອງແຕ່ລະປະເທດຈະແຕກຕ່າງກັນໄປ ແລະ ມັນຖືກກຳນົດໂດຍປະເທດທີ່ທ່ານຈາກມາ.,travel
"ເວົ້າແບບທົ່ວໄປ, ມັນບໍ່ແມ່ນປະເດັນທີ່ຈະຊອກຫາສ່ວນຫຼຸດສຳລັບບ່ອນນັ່ງຊັ້ນທຸລະກິດ ຫຼື ຊັ້ນໜຶ່ງໃນຖ້ຽວບິນໂດຍກົງຈາກ A ຫາ B.",travel
ການດຶກ Boomerang ແມ່ນທັກສະຍອດນິຍົມທີ່ນັກທ່ອງທ່ຽວຫຼາຍຄົນຢາກເຮັດໄດ້.,travel
ຖ້ຽວບິນນີ້ບໍ່ໄດ້ເປັນທາງເລືອກດຽວຖ້າທ່ານຕ້ອງການຂ້າມພາກໃຕ້ປາຊີຟິກ ແລະ ແຄມຝັ່ງພາກຕາເວັນຕົກຂອງອາເມລິກາໃຕ້. (ລາຍລະອຽດຢູ່ຂ້າງລຸ່ມ),travel
"ຊານຟຼານຊິດສ໌ໂກ ໄດ້ພັດທະນາພື້ນຖານໂຄງລ່າງດ້ານການທ່ອງທ່ຽວຂະໜາດໃຫຍ່ ປະກອບດ້ວຍໂຮງແຮມ, ຮ້ານອາຫານ ແລະ ສະຖານທີ່ຈັດກອງປະຊຸມຊັ້ນເລີດ ຈຳນວນຫຼວງຫຼາຍ.",travel
ການເປັນອາສາສະໝັກໃນຂະນະກຳລັງເດີນທາງ ແມ່ນວິທີທີ່ດີທີ່ຈະສ້າງຄວາມແຕກຕ່າງ ແຕ່ມັນບໍ່ພຽງແຕ່ແມ່ນການໃຫ້ເທົ່ານັ້ນ.,travel
ຄົນອາດຈະບໍ່ຄາດເດົາໃນຄວາມອົດທົນ ແລະ ຄວາມເຂົ້າໃຈກໍແມ່ນສິ່ງທີ່ຈຳເປັນສຳລັບນັກທ່ອງທ່ຽວທີ່ກັບບ້ານ.,travel
"ຢ່າລືມບວກຄ່າໃຊ້ຈ່າຍພິເສດຂອງ ວີຊ່າເພີ່ມຕື່ມ, ພາສີການເດີນທາງ, ການຂົນສົ່ງທາງບົກ ແລະ ອື່ນໆ ສຳລັບສະຖານທີ່ທັງໝົດທີ່ຢູ່ນອກທະວີບອາຟຼິກກາ.",travel
ປະຊາຊົນໃນເມືອງ ບິເຊັກ (Bishkek) ຫຼາຍຄົນໄດ້ຖິ້ມໂທດໃສ່ຜູ້ປະທ້ວງຈາກພາກໃຕ້ວ່າເປັນຄົນທີ່ບໍ່ເຄົາລົບກົດໝາຍ.,politics
ພາກສ່ວນຂອງປະເທດ Belgium ໃນປະຈຸບັນແມ່ນສ່ວນໜຶ່ງຂອງປະເທດ Luxembourg ໃນອະດີດແຕ່ໄດ້ກາຍເປັນຊາວ Belgium ຫຼັງຈາກການປະຕິວັດຂອງຊາວ Belgium ໃນປີ 1830.,geography
"ຕັ້ງແຕ່ປີ 1988, ກ່ອງປ່ອນບັດຈະຕ້ອງມີຄວາມໂປ່ງໃສເພື່ອໃຫ້ຜູ້ມີສິດເລືອກຕັ້ງ ແລະ ຜູ້ສັງເກດການສາມາດເປັນພະຍານໄດ້ວ່າບໍ່ມີຊອງຈົດໝາຍຢູ່ໃນກ່ອງໃນຕອນເລີ່ມຕົ້ນຂອງການລົງຄະແນນສຽງ ແລະ ບໍ່ມີການໃສ່ຊອງຈົດໝາຍໃດໆຕື່ມນອກຈາກຂອງບັນດາຜູ້ລົງຄະແນນສຽງທີ່ຖືກນັບ ແລະ ຖືກຮັບຮອງແລ້ວ.",politics
ຜູ້ດູແລນາຍົກລັດຖະມົນຕີ Julia Gillard ໄດ້ອ້າງວ່າໃນລະຫວ່າງການຫາສຽງເລືອກຕັ້ງຂອງລັດຖະບານກາງໃນປີ 2010 ລາວເຊື່ອວ່າອົດສະຕາລີຄວນຈະເປັນປະເທດສາທາລະນະລັດເມື່ອສິ້ນສຸດການປົກຄອງຂອງພະລາຊິນີ Elizabeth II.,politics
ລັດຖະບານໄອແລນ (Irish) ກຳລັງເນັ້ນໜັກເຖິງຄວາມຮີບດ່ວນຂອງກົດໝາຍລັດຖະສະພາເພື່ອແກ້ໄຂສະຖານະການ.,politics
ຂໍ້ໂຕ້ຖຽງທາງການທູດທົ່ວທັງພາກພື້ນຍັງຄົງທໍາລາຍຄວາມສໍາພັນລະຫວ່າງ Armenia ແລະ Azerbaijan.,politics
ນາຍົກລັດຖະມົນຕີ Stephen Harper ໄດ້ຕົກລົງທີ່ຈະສົ່ງກົດໝາຍ “Clean Air Act” ຂອງລັດຖະບານໃຫ້ຄະນະກໍາມະການພັກທຸກພາກສ່ວນເພື່ອທົບທວນກ່ອນອ່ານຄັ້ງທີສອງຫຼັງຈາກການພົບປະກັບຜູ້ນຳ Jack Layton ຂອງ NDP 25 ນາທີໃນວັນອັງຄານ.,politics
"ໃນເດືອນແລ້ວນີ້, ໄດ້ມີການປະທ້ວງຄັ້ງໃຫຍ່ໃນປະເທດໂປແລນ ເມຶ່ອປະເທດໄດ້ເຊັນລົງນາມໃນ ACTA, ເຊິ່ງໄດ້ເຮັດໃຫ້ລັດຖະບານໂປແລນຕັດສິນໃຈບໍ່ອະນຸມັດແກ່ຂໍ້ຕົກລົງດັ່ງກ່າວໃນຕອນນີ້.",politics
ການແຈ້ງຂ່າວຕ່າງໆ ເປັນພຽງແຕ່ບົດສະຫຼຸບໂດຍຫຍໍ້ ກ່ຽວກັບສະຖານະການທາງການເມືອງ ໃນປະເທດໜຶ່ງເທົ່ານັ້ນ.,politics
"ໃນລະຫວ່າງການຄັດເລືອກໃນປີ 1976 ລາວໄດ້ໃຫ້ຄຳປຶກສາແກ່ທ່ານ Carter ກ່ຽວກັບນະໂຍບາຍການຕ່າງປະເທດ, ຫຼັງຈາກນັ້ນກໍຮັບໜ້າທີ່ເປັນທີ່ປຶກສາດ້ານຄວາມໝັ້ນຄົງແຫ່ງຊາດ (NSA) ແຕ່ປີ 1977 ເຖິງປີ 1981 ສືບທອດຕຳແໜ່ງຕໍ່ຈາກ Henry Kissinger.",politics
ປະເທດຕຸລະກີເຂົ້າຄວບຄຸມຕົວນັກຮົບຂອງ ISIS ທີ່ຖືກຈັບໄດ້ເຊິ່ງຖະແຫຼງການດັ່ງກ່າວໄລະບຸວ່າບັນດາປະເທດເອີຣົບໄດ້ປະຕິເສດທີ່ຈະສົ່ງຕົວກັບຄືນປະເທດ.,politics
"ແນວໃດກໍຕາມ, ແຜນການເຫຼົ່ານີ້ເກືອບຖືກຍອມແພ້ໃຫ້ເຊົາໃຊ້ເກືອບຂ້າມຄືນເມື່ອມີທະຫານຫຼາຍກວ່າ 800,000 ຄົນຈາກກອງທັບແດງສະຫະພັນໂຊວຽດເຂົ້າມາ ແລະ ສ້າງເຂດແນວໜ້າເບລາຣູດ ແລະ ຍູເຄນຫຼັງຈາກການຮຸກຮານເຂດພາກຕາເວັນອອກຂອງໂປໂລຍໃນການລະເມີດສົນທິສັນຍາສັນຕິພາບ Riga, ສົນທິສັນຍາໃນການບໍ່ຮຸກຮານໂຊວຽດ - ໂປໂລຍ ແລະ ສົນທິສັນຍາສາກົນອື່ນໆທັງສອງຝ່າຍ ແລະ ຫຼາຍຝ່າຍ.",politics
"ຕາມຂະບວນແລ້ວ, HJR-3 ຈະຖືກທົບທວນອີກເທື່ອໜຶ່ງໂດຍສະພານິຕິບັນຍັດທີ່ຖືກເລືອກຕັ້ງຄັ້ງຕໍ່ໄປໃນປີ 2015 ຫຼື 2016 ເພື່ອໃຫ້ຍັງຄົງຢູ່ໃນຂະບວນການຕໍ່ໄປ.",politics
"ຫລັງຈາກໄດ້ຮັບຮອງເອົາໂດຍສະພາ Congress ໃນວັນທີ 4 ກໍລະກົດ, ຮ່າງທີ່ຂຽນດ້ວຍມືທີ່ລົງນາມໂດຍປະທານສະພາ Congress, John Hancock ແລະ ເລຂາທິການ Charles Thomson ຈາກນັ້ນກໍສົ່ງໄປຮ້ານພິມຂອງ John Dunlap ທີ່ຢູ່ຫ່າງອອກໄປສອງສາມຕຶກ.",politics
"ພຽງພາຍຫຼັງເວລາ 11:00 ໂມງ, ຜູ້ປະທ້ວງໄດ້ກີດຂວາງການຈາລະຈອນທາງຂົນສົ່ງສາຍເໜືອຢູ່ໃນ Whitehall.",politics
"ເຖິງຢ່າງໃດກໍຕາມ, ໃນເດືອນ ມິຖຸນາ 1956, ຄຳໝັ້ນສັນຍາຂອງ ກຼຸສ໌ເຊັບ (Krushchev) ໄດ້ຖືກທົດສອບເມື່ອເກີດການກໍ່ຄວາມວຸ້ນວາຍໃນປະເທດໂປແລນ, ຊຶ່ງຄົນງານ ກຳລັງປະທ້ວງຕໍ່ຕ້ານການຂາດແຄນອາຫານ ແລະ ການຕັດຄ່າແຮງງານ, ກາຍເປັນການຫັນໄປສູ່ການປະທ້ວງທົ່ວໄປເພື່ອຕໍ່ຕ້ານລັດທິຄອມມິວນິດ.",politics
"ມັນຈະຖືກແກ່ຍາວເປັນເວລາ 40 ປີຂ້າງໜ້າ ແລະ ຈະໄດ້ສູ້ຮົບຢ່າງແທ້ຈິງ ໂດຍກອງທັບຕົວແທນ ໃນສະໜາມຮົບຈາກອາຟຼິກກາເຖິງອາຊີ, ໃນອັບການິດສະຖານ, ກູບາ ແລະ ອີກຫຼາຍໆສະຖານທີ່.",politics
ໃນເດືອນແລ້ວນີ້ຄະນະກຳມະການການເລືອກຕັ້ງປະທານາທິບໍດີໄດ້ຊີ້ແຈງກ່ຽວກັບການຍອມຮັບຂອງ CEP ກ່ອນໜ້ານີ້ໃຫ້ເປັນສ່ວນໜຶ່ງຂອງມາດຕະການໃນການເຄື່ອນປະເທດໄປສູ່ການເລືອກຕັ້ງຄັ້ງໃໝ່.,politics
ຫົວຂໍ້ອື່ນໆທີ່ຖືກກ່າວເຖິງລວມມີສະຖານະການໃນອະນາຄົດຂອງ Jerusalem ເຊິ່ງເປັນທີ່ເຄົາລົບຕໍ່ທັງສອງປະເທດ ແລະ ບັນຫາພູ Jordan.,politics
ນອກຈາກນີ້ຍັງບໍ່ມີສິດອຳນາດທີ່ຈະລົບລ້າງກົດໝາຍພາສີ ແລະ ອັດຕາພາສີລະຫວ່າງລັດ.,politics
ກົດໝາຍເລືອກຕັ້ງຂອງຝຣັ່ງຂ້ອນຂ້າງທີ່ຈະກຳນົດຂັ້ນຕອນການປະມວນກົດໝາຍຢ່າງເຂັ້ມງວດ.,politics
"ຫຼັງຈາກແພ້ໃນການເລືອກຕັ້ງກາງສະໄໝ, ທ່ານ Bush ໄດ້ບອກຜູ້ເຂົ້າຮ່ວມປະຊຸມກ່ຽວກັບການຂະຫຍາຍຕົວຂອງການຄ້າໃນອາຊີ.",politics
ຍຸດທະສາດດັ່ງກ່າວໄດ້ມີຜົນບັງຄັບໃຊ້ ໂດຍການຕັດການສະໜອງທາງການທະຫານ ແລະ ພົນລະເຮືອນທີ່ສຳຄັນເຖິງແມ່ນວ່າການປິດລ້ອມນີ້ເປັນການລະເມີດກົດໝາຍສາກົນທີ່ຖືກຮອງຮັບໂດຍທົ່ວໄປເຊິ່ງຖືກຮວບຮວມຈາກຂໍ້ຕົກລົງສາກົນຫຼາຍສະບັບໃນສອງສະຕະວັດທີ່ຜ່ານມາກໍຕາມ.,politics
ການເຊື່ອມໂຍງທາງດ້ານເສດຖະກິດໄດ້ຖືກສ້າງຕັ້ງຂຶ້ນໃໝ່ລະຫວ່າງສອງພາກຂອງປະເທດມອລໂດລາເຖິງຈະລົ້ມເຫຼວໃນການເຈລະຈາທາງການເມືອງ.,politics
"ໂດຍຮ່ວມກັບເຈົ້າໜ້າທີ່ເຫຼົ່ານັ້ນ, ລາວໄດ້ຮັບປະກັນໃຫ້ແກ່ພົນລະເມືອງຊາວເທັກຊັສວ່າບັນດາຂັ້ນຕອນທີ່ໄດ້ປະຕິບັດໄປນັ້ນແມ່ນເພື່ອປົກປ້ອງຄວາມປອດໄພຂອງປະຊາຊົນ.",politics
ການວິພາກວິຈານຢ່າງຫຼວງຫຼາຍກ່ຽວກັບຄວາມພະຍາຍາມໃນການຟື້ນຟູບູລະນະໄດ້ມຸ່ງເນັ້ນໄປທີ່ການຕັດສິນສັນຍາການຟື້ນຟູບູລະນະໃຫ້ແກ່ຜູ້ທີ່ຢູ່ພາຍໃນ Washington ທີ່ຖືກຮັບຮູ້.,politics
"ຈາກຈຳນວນ 1,400 ຄົນທີ່ຖືກສຳຫຼວດກ່ອນການເລືອກຕັ້ງລັດຖະບານກາງໃນປີ 2010, ຜູ້ທີ່ຄັດຄ້ານອອສເຕຣເລຍໃນການກາຍເປັນປະເທດສາທາລະນະລັດໄດ້ເພີ່ມຂຶ້ນ 8 ເປີເຊັນຕັ້ງແຕ່ປີ 2008.",politics
ບັນດານັກການທູດກ່າວວ່າ ພວກເຂົາໄດ້ພົບເຫັນຂໍ້ຄວາມຄຸມເຄືອໃນຈຳນວນທີ່ພຽງພໍໃນລັດຖະທຳມະນູນຂອງ ອັບການິດສະຖານ ເພື່ອລະບຸວ່າ ການຂຽນອອກມາດັ່ງກ່າວ ເປັນສິ່ງທີ່ບໍ່ຈຳເປັນ.,politics
"ຫຼັງຈາກຜົນອອກມາ, Gingrich ໄດ້ກ່າວຊົມເຊີຍຕໍ່ Santorum ແຕ່ມີຄໍາເວົ້າທີ່ຮຸນແຮງຕໍ່ Romney ທີ່ໄດ້ມີການໂຄສະນາເຜີຍແຜ່ທາງລົບຕໍ່ກັບ Gingrich ອອກອາກາດ.",politics
ມັນເປັນ CEP ຄັ້ງທີຫ້າຂອງ Martelly ໃນຮອບສີ່ປີ.,politics
"ນັກກິລາຫລຽນຄຳໂອລິມປິກແມ່ນຍ້ອນການລອຍນໍ້າໃນຂະໜາດ 100 ແມັດ ແລະ 200 ແມັດ ແລະ ໃນການສົ່ງຕໍ່ອີກສາມປະເພດໃນງານ Commonwealth Games, ແຕ່ຍ້ອນຄຳຮ້ອງທຸກຂອງລາວເຮັດໃຫ້ຄວາມແຂງແຮງຂອງລາວມີຂໍ້ສົງໄສ.",sports
"ເຊັ່ນດຽວກັນກັບການເປັນອະດີດແຊ້ມໂອລິມປິກ ແລະ ແຊ້ມໂລກ, Saito ໄດ້ເປັນປະທານຄະນະກຳມະການຝຶກອົບຮົມ All Japan Judo Federation ກ່ອນທີ່ລາວຈະເສຍຊີວິດລົງ.",sports
"ຄະນະກຳມະການໂອລິມປິກສາກົນໄດ້ລົງຄະແນນສຽງໃຫ້ນຳເອົາກິລາຕ່າງໆມາລວມຢູ່ໃນໃນກອງປະຊຸມຄະນະບໍລິຫານງານທີ່ນະຄອນເບີລິນໃນມື້ນີ້. ຈາກກິລາຫ້າປະເພດ,ກິລາຣັກບີ້ ໂດຍສະເພາະສະຫະພັນຣັກບີ້ ແລະ ການແຂ່ງຂັນກອຟໄດ້ຖືກຄັດເລືອກໃຫ້ໄດ້ຮັບການພິຈາລະນາເຂົ້າຮ່ວມໃນການແຂ່ງຂັນກິລາໂອລິມປິກ.",sports
ການແຂ່ງຂັນທີ່ໃຫຍ່ທີ່ສຸດແຫ່ງປີແມ່ນຖືກຈັດຂຶ້ນໃນເດືອນທັນວາທີ່ສະໜາມໂປໂລໃນ Las Cañitas.,sports
"ນັບຕັ້ງແຕ່ຍ້າຍໄປເມືອງ Catalan-capital, Vidal ໄດ້ຫຼີ້ນ 49 ນັດໃຫ້ກັບສະໂມສອນ.",sports
"ການຮັກສາຄວາມສົມດຸນຂອງກຳລັງສຸຂະພາບ, ການຝຶກນິໄສໃນການດື່ມນ້ຳໃຫ້ມີປະສິດທິພາບ ແລະ ເຂົ້າໃຈໃນແງ່ມຸມຕ່າງໆຂອງການຝຶກຝົນເພີ່ມເຕີມ ຈະສາມາດຊ່ວຍໃຫ້ນັກກິລາໄດ້ປັບປຸງຜົນງານຂອງເຂົາເຈົ້າ ແລະ ເພີ່ມຄວາມມ່ວນໃນການຫຼິ້ນກິລາຂຶ້ນ.",sports
"ໃນຄັ້ງທີ່ສາມ, Hamlin ແມ່ນມີຄະແນນຕາມຫລັງຊາວຄະແນນແຕ່ຢູ່ໃນຫ້າອັນດັບຕົ້ນຂອງນັກຍິງທະນູ Kahne and Truex, Jr. ແມ່ນອັນດັບຫ້າ ແລະ ຫົກຕາມລຳດັບພ້ອມດ້ວຍ 2,220 ແລະ 2,207 ຄະແນນ.",sports
ຫົວໜ້າຂອງ Nadal ເພື່ອດຳເນີນການບັນທຶກຕ້ານຄົນການາດາແມ່ນ 7–2.,sports
ຈາເກ (Jarque) ໄດ້ກຳລັງຝຶກຊ້ອມໃນຊ່ວງການຝຶກອົບຮົມກ່ອນລະດູການທີ່ ໂຄເວີເຊຍໂນ່ (Coverciano) ໃນປະເທດ ອິຕາລີ ໃນຕອນເຊົ້າໆ. ລາວໄດ້ພັກຢູ່ໃນໂຮງແຮມຂອງທີມກ່ອນການແຂ່ງຂັນກັບ ໂບໂລເນຍ (Bolonia) ທີ່ວາງແຜນໄວ້ໃນວັນອາທິດ.,sports
ຄວາມຢ້ານໃນການຂາດການຂົນສົ່ງໄດ້ເຮັດໃຫ້ຄວາມເປັນໄປໄດ້ວ່າເກມຈະຖືກບັງຄັບໃຫ້ຫຼິ້ນໃນສະຖານທີ່ປິດໂດຍບໍ່ມີຜູ້ສະໜັບສະໜູນທີມສູງຂຶ້ນ.,sports
"Tommy Dreamer ໄດ້ກ່າວວ່າ “Luna ເປັນລາຊິນີຄົນທຳອິດຂອງຄວາມສຸດຍອດ, ເປັນຜູ້ຈັດການຄົນທຳອິດຂອງຂ້ອຍ. Luna ໄດ້ເສຍຊີວິດໃນຄືນທີ່ດວງຈັນມີສອງດວງທີ່ມີຄວາມເປັນເອກະລັກຄືກັນກັບລາວ, ທັງເປັນຜູ້ຍິງທີ່ເຂັ້ມແຂງ.”",entertainment
ນັກຫຼີ້ນສະກີຊາຍທີ່ມີຄວາມບົກຜ່ອງທາງສາຍຕາຂອງໂປແລນ Maciej Krezel ແລະ ຜູ້ນຳທາງ Anna Ogarzynska ສຳເລັດເປັນອັນດັບທີສີບສາມໃນ Super-G. Jong Seork Park ຂອງເກົາຫຼີໃຕ້ສຳເລັດເປັນທີ່ຊາວສີ່ໃນການນັ່ງຊາຍ Super-G.,sports
"ສຳລັບຂ່າວເລື່ອງການແຂ່ງຂັນ ແລະ ບ່ອນທີ່ຊື້ປີ້ສຳລັບການແຂ່ງຂັນໂປໂລ, ໃຫ້ເບິ່ງທີ່ Asociacion Argentina de Polo.",sports
"ເກມດັ່ງກ່າວເລີ່ມແຂ່ງຂັນໃນເວລາ 10:00 ໂມງເຊົ້າ ດ້ວຍສະພາບອາກາດທີ່ດີ ແລະ ນອກຈາກມີຝົນຝອຍໃນຊ່ວງກາງຂອງຕອນເຊົ້າແລ້ວ ກໍແຈ້ງຂຶ້ນຢ່າງໄວວາ, ມັນຖືເປັນມື້ທີ່ສົມບູນແບບ ສຳລັບກິລາຣັກບີ້ 7 ຄົນ.",sports
Arly Velasquez ຈາກປະເທດແມັກຊິໂກຈົບການແຂ່ງຂັນດ້ວຍອັນດັບທີສິບຫ້າຂອງການແຂ່ງຂັນ Super-G ປະເພດຊາຍ. Adam Hal ຈາກນິວຊີແລນຈົບດ້ວຍອັນດັບທີເກົ້າໃນການແຂ່ງຂັນ Super-G.,sports
"ການແຂ່ງຂັນຮອບສຸດທ້າຍຂອງຊຸດຈະມີຂຶ້ນທີ່ສວນ Ellis Park ໃນ Johannesburg ໃນອາທິດໜ້າ, ເຊິ່ງ Springboks ຈະຫຼິ້ນກັບ Australia.",sports
ໃນສະພາບທີ່ດີເຈົ້າຈະສາມາດຄອບຄຸມໄລຍະທາງທີ່ໄກກວ່າການຍ່າງ - ແຕ່ວ່າມີໜ້ອຍຫຼາຍທີ່ເຈົ້າຈະເຮັດຄວາມໄວໃນການສະກີຂ້າມປະເທດໂດຍປາດສະຈາກກະເປົາເປ້ໜັກໃນການແຕ່ງກາຍໄປນຳ.,travel
"ຍ້ອນນຳຫຼັງຢູ່ເຈັດຄະແນນ, ຈອນສັນ (Johnson) ຈຶ່ງໄດ້ອັນດັບສອງດ້ວຍຄະແນນ 2,243.",sports
"ກິລາສຳຫຼວດເຫວເລິກ (Canyoning ຫຼື Canyoneering) ແມ່ນກ່ຽວກັບການເດິນທາງໄປເບື້ອງລຸ່ມຂອງເຫວເລິກ, ເຊິ່ງເປັນທັງແຫ້ງ ຫຼື ເຕັມໄປດ້ວຍນໍ້າ.",sports
"Robin Uthappa ໄດ້ສ້າງໂອກາດໄດ້ຄະແນນສູງສຸດ, 70 ຄັ້ງແລ່ນ ພຽງໃນ 41 ໜ່ວຍບານ ໂດຍການຕີ 11 ສີ່ ແລະ 2 ຫົກ.",sports
ກິລາລະດູໜາວເປັນກິລາທີ່ໄດ້ຮັບຄວາມນິຍົມທີ່ສຸດໃນເຂດພາກເໜືອເຊິ່ງຊາວອີຕາລີກໍໄດ້ຈັດມັນເຂົ້າໃນແຂ່ງຂັນໃນລະດັບສາກົນ ແລະ ງານກິລາໂອລິມປິກ.,sports
"ເມືອງມາຣູຊີດໍ (Maroochydore) ໄດ້ຈົບເປັນອັນດັບໜຶ່ງ, ດ້ວຍຫົກຄະແນນນຳ ເມືອງນູຊາ (Noosa) ທີ່ເປັນອັນດັບສອງ.",geography
"ມິຊາເອລ໌ ຊູມັກເຄີ (Michael Schumacher) ຈົບການແຂ່ງຂັນໂດຍນຳຫຼັງ Alonso ພຽງບໍ່ດົນ, ຍ້ອນການຢຸດພັກຈາກຄວາມເສຍຫາຍຈາກການປະທະຫຼາຍຄັ້ງໃນລະຫວ່າງການແຂ່ງຂັນ.",sports
ການປະຕິບັດຕາມຫຼັກໂພຊະນາການທີ່ເໝາະສົມພຽງຢ່າງດຽວບໍ່ສາມາດສ້າງຜົນໄດ້ຮັບທີ່ດີທີ່ສຸດ ແຕ່ມັນສາມາດສົ່ງຜົນກະທົບຢ່າງຫຼວງຫຼາຍຕໍ່ສຸຂະພາບໂດຍລວມຂອງນັກກິລາໄວໜຸ່ມ.,health
ລາວບໍ່ສາມາດໃຊ້ຢາເສບຕິດເພື່ອເອົາຊະນະຄວາມເຈັບປວດຂອງລາວທີ່ເກີດຍ້ອນວ່າເຂົາເຈົ້າຖືກຫ້າມບໍ່ໃຫ້ຫຼີ້ນເກມໄດ້.,health
ການຄົ້ນຄ້ວາພົບວ່າ ຜູ້ຍິງມັກຈະມີແນວໂນ້ມທີ່ຈະເປັນໂລກປອກປະສາດເສື່ອມແຂງ (MS) ຫຼາຍກວ່າຜູ້ຊາຍເຖິງສອງເທົ່າ.,health
ທາດເຫຼົ້າທີ່ຜິດກົດໝາຍຕ່າງໆ ສາມາດທີ່ຈະບັນຈຸສານເຈືອປົນທີ່ເປັນອັນຕະລາຍຫຼາຍຊະນິດລວມທັງ ເມຕາໂນນ ທີ່ເຖິງແມ່ນວ່າຈະມີປະລິມານໜ້ອຍ ແຕ່ກໍສາມາດເຮັດໃຫ້ຕາບອດ ຫຼື ເສຍຊີວິດໄດ້.,health
ສະເພາະແຕ່ຜົນກະທົບຂອງໄພພິບັດ ທີ່ບໍ່ແມ່ນຄວາມສະເທືອນໃຈ ແລະ ຄວາມຢ້ານກົວ ແມ່ນເງື່ອນໄຂຂອງການປະຊຸມປະຊາສຳພັນທີ່ມີໂຄງສ້າງເປັນປົກກະຕິປະຈຳອາທິດ.,politics
ການເປັນເຈົ້າຂອງລົດໃຫຍ່ຍັງນຳໄປສູ່ການເພີ່ມຂຶ້ນຂອງອຸບັດຕິເຫດທີ່ສູງຂຶ້ນໃນເສັ້ນທາງການສັນຈອນ ເຊິ່ງນຳໄປສູ່ການປະດິດສ້າງເຕັກນິກໃໝ່ໃນການຮັກສາສຸຂະພາບໃນການສ້ອມແປງຊາກລົດທີ່ເສຍຫາຍ.,health
"ຫົວໜ້ານັກຄົ້ນຄວ້າໄດ້ກ່າວວ່າສິ່ງນີ້ອາດຈະເຮັດໃຫ້ການກວດພົບໂລກມະເຮັງ, ວັນນະໂລກ, HIV ແລະ ໄຂ້ມາລາເຣຍໃຫ້ແກ່ຜູ້ປ່ວຍໃນບັນດາປະເທດທີ່ມີລາຍໄດ້ຕ່ຳນັ້ນໄວຂຶ້ນ, ເຊິ່ງອັດຕາການລອດຊີວິດຈາກອາການປ່ວຍຕ່າງໆເຊັ່ນ: ໂລກມະເຮັງເຕົ້ານົມອາດຈະເທົ່າກັບເຄິ່ງໜຶ່ງຂອງປະເທດທີ່ຮັ່ງມີ.",health
"ທ່ານ ດຣ. ອີຮູດ ເອີຣ໌ (Dr. Ehud Ur) ສາດສະດາຈານດ້ານການແພດຂອງມະຫາວິທະຍາໄລ ດາຮາວຊີ່ (Dalhousie University) ໃນເມືອງ ແຮລີແຟັກ (Halifax), ລັດ ໂນວາ ສະກ໊ອດເທຍ (Nova Scotia) ແລະ ປະທານໜ່ວຍງານການແພດ ແລະ ວິທະຍາສາດຂອງສະມາຄົມພະຍາດເບົາຫວານຂອງປະເທດການາດາ ເຕືອນວ່າການວິໄຈແມ່ນຍັງຄົງຢູ່ໃນໄລຍະຕົ້ນໆ.",health
"ເດັກນ້ອຍເຫຼົ່ານີ້ມັກຈະມີບັນຫາຫຼາຍເພາະວ່າພວກເຂົາເຈົ້າ “ເຂົ້າຂ່າຍມີພຶດຕິກຳສ່ຽງ, ມີການຕໍ່ສູ້ ແລະ ທ້າທາຍຕໍ່ສິດອໍານາດ” ເພື່ອກະຕຸ້ນສະໝອງຂອງເຂົາເຈົ້າຍ້ອນວ່າສະໝອງຂອງເຂົາເຈົ້າບໍ່ສາມາດຖືກກະຕຸ້ນດ້ວຍວິທີປົກກະຕິ.",health
ມະນຸດສາມາດໄດ້ຮັບຜົນກະທົບຈາກການຫາຍໃຈເອົານໍ້າທີ່ຖືກພັດພາເຂົ້າໄປໃນອາກາດດ້ວຍລົມ ແລະ ຄື້ນ.,health
ບາງຄົນເຊື່ອວ່າການປະສົບກັບຄວາມຝັນທີ່ເປັນເລື່ອງເປັນລາວແຕ່ບໍ່ເປັນຄວາມຈິງຫຼາຍຄັ້ງເລື້ອຍໆກໍອາດຈະເຮັດໃຫ້ຮູ້ສຶກເມື່ອຍຫຼາຍ.,health
ໃນຕອນນີ້ Potro ໄດ້ຮັບການຮັກສາບ່າຂອງລາວແລ້ວ ພ້ອມທັງທັງວາງແຜນທີ່ຈະກັບເຂົ້າສູ່ເກມ.,sports
"ນອກຈາກນັ້ນ, ຄວາມຜິດພາດທີ່ຈະເຮັດແນວນັ້ນມີຜົນຕາມມາຢ່າງຮ້າຍແຮງ: ໂລກຊຶມເສົ້າທີ່ໜັກຂຶ້ນ, ການຂາດສານອາຫານ ແລະ ເສຍຊີວິດໃນທີ່ສຸດ.",health
ເຈົ້າໜ້າທີ່ປະຈຳເມືອງ ອຳສະເຕີດຳ ແລະ ຫໍພິພິດທະພັນ Anne Frank ກ່າວວ່າ ຕົ້ນໄມ້ໄດ້ຕິດເຊື້ອລາ ແລະ ກໍ່ໃຫ້ເກີດອັນຕະລາຍຕໍ່ດ້ານສາທາລະນະສຸກ ໃນຂະນະທີ່ພວກເຂົາໂຕ້ແຍ່ງວ່າ ມັນກຳລັງຕົກຢູ່ໃນອັນຕະລາຍ ຈາກການລົ້ມລົງ.,health
"ໂຮງໝໍໄດ້ປະຕິບັດຕາມລະບຽບແບບແຜນການຄວບຄຸມການຕິດເຊື້ອ, ລວມທັງການແຍກຄົນເຈັບຈາກຄົນອື່ນເພື່ອປ້ອງກັນການຕິດເຊື້ອສູ່ຄົນອື່ນທີ່ອາດຈະເກີດຂຶ້ນໄດ້.",health
ສະຖາບັນຍຸຕິທຳ ແລະ ປະຊາທິປະໄຕ ແຫ່ງປະເທດໄຮຕີ ໄດ້ອ້າງເຖິງການຄົ້ນຄ້ວາວິໄຈອິດສະຫຼະ ທີ່ສະເໜີວ່າກອງກຳລັງຮັກສາສັນຕິພາບປະຈຳສະຫະປະຊາຊາດ ຂອງປະເທດເນປານ ໄດ້ນຳເອົາເຊື້ອພະຍາດໄປສູ່ປະເທດໄຮຕີໂດຍບໍ່ຮູ້ຕົວ.,politics
"ພະຍາດຕິດຕໍ່ ຫຼື ຕິດມາຈາກສັດທີ່ເປັນອັນຕະລາຍ ຊຶ່ງສາມາດເຮັດໃຫ້ຄົນບາດເຈັບ ຫຼື ຕາຍໄດ້, ໂດຍປົກກະຕິແລ້ວບໍ່ຖືວ່າເປັນໂລກລະບາດ.",health
"ເດັກທີ່ມີພາວະ ADD ຈະມີຄວາມຫຍຸ້ງຍາກໃນການຈົດຕໍ່ສິ່ງຕ່າງໆເຊັ່ນ: ວຽກທີ່ເຮັດໃນໂຮງຮຽນ, ແຕ່ພວກເຂົາສາມາດຈົດຈໍ່ໃນສິ່ງທີ່ພວກເຂົາມັກເຮັດເຊັ່ນ ການຫຼີ້ນເກມ ຫຼື ເບິ່ງກາຕູນທີ່ພວກເຂົາມັກ ຫຼື ຂຽນປະໂຫຍກໂດຍບໍ່ໃສ່ເຄື່ອງໝາຍວັກຕອນ.",health
"ໃນເວລາໜຶ່ງປີ, ຜູ້ທີ່ຕິດເຊຶ້ອອາດນຳເຊື້ອໄປຕິດຕໍ່ 10-15 ຄົນທີ່ມີການຕິດຕໍ່ໃກ້ຊິດ.",health
"ເມື່ອການຕໍ່ສູ້ຢຸດລົງຫຼັງຈາກຜູ້ບາດເຈັບໄດ້ຖືກສົ່ງໄປໂຮງໝໍ, ຍັງມີນັກໂທດອື່ນໆປະມານ 40 ຄົນຫຼົງເຫຼືອຢູ່ໃນເດີ່ນ ແລະ ປະຕິເສດທີ່ຈະກັບໄປຢູ່ໃນຫ້ອງຂັງຂອງເຂົາເຈົ້າ.",politics
ບັນດາທ່ານໝໍເລີ່ມຕົ້ນການຮັບສະໝັກໂດຍ Emperor Augustus ແລະ ແມ້ກະທັ້ງໄດ້ສ້າງຕັ້ງ Roman Medical Corps ແຫ່ງທຳອິດເພື່ອໃຊ້ກັບຜົນທີ່ຕາມມາຂອງການຕໍ່ສູ້.,health
"ເຖິງຢ່າງໃດກໍຕາມ, ຜູ້ຂັບກໍໄດ້ຮັບບາດເຈັບທີ່ຫົວຢ່າງສາຫັດ.",health
ທ່ານກ່າວຕື່ມວ່າ ດຽວນີ້ ພວກເຮົາມີໜູທີ່ມີອາຍຸ 4 ເດືອນທີ່ບໍ່ເປັນພະຍາດເບົາຫວານ ຊຶ່ງເຄີຍເປັນພະຍາດເບົາຫວານ.,health
ພິດທີ່ຢູ່ພາຍໃນອາດຈະບໍ່ປາກົດໃນທັນທີ. ມີອາການຕ່າງໆເຊັ່ນວ່າ ອາການປວດຮາກແມ່ນອາການທົ່ວໄປທີ່ບໍ່ສາມາດກວດຫາໂຣກນີ້ໄດ້ທັນທີ.,health
"ດ້ວຍເຫດນັ້ນ, ເປັນເຫດຜົນໃຫ້ນັກສະແດງສູບກັນຊາເທິງເວທີ ແລະ ໂຮງລະຄອນເອງກໍຍັງສະໜັບສະໜູນໃຫ້ຜູ້ຊົມເຂົ້າຮ່ວມ.",entertainment
Aerosmith ໄດ້ຍົກເລີກການສະແດງຄອນເສີດທີ່ຍັງເຫຼືອຈາກລາຍການທົວຂອງພວກເຂົາ.,entertainment
ຖ້າທ່ານຕ້ອງການຢາກໃກ້ຊິດກັບການສະແດງທ່ານຈະຕ້ອງເຂົ້າໄປກ່ອນເພື່ອໃຫ້ມີສະຖານທີ່ຕັ້ງແຄັມທີ່ໃກ້ກັບເພງ.,entertainment
ຟິມແມ່ນມີຫຼາຍຮູບແບບແຕກຕ່າງກັນທີ່ໄດ້ຖືກນຳໃຊ້ໃນຫຼາຍປີຜ່ານມາ. ຟິມມາດຕະຖານຂະໜາດ 35 ມມ (36 ໂດຍ 24 ມມ ລົບ) ແມ່ນພົບເຫັນໄດ້ຫຼາຍທີ່ສຸດ.,entertainment
"ໃນຂະນະທີ່ ນີ້ແມ່ນກິດຈະກຳທົ່ວໄປຫຼາຍ, ມັນຖືກຫ້າມໂດຍ ດິດສ໌ນີ່ (Disney) ວ່າ: ປີ້ແມ່ນບໍ່ສາມາດໂອນໄດ້.",entertainment
ແຕ່ລະຕອນຂອງການສະແດງຈະສຸມໃສ່ຫົວຂໍ້ໃນປື້ມສະເພາະໃດໜຶ່ງ ແລະ ຫຼັງຈາກນັ້ນກໍຄົ້ນຫາຫົວຂໍ້ນັ້ນຜ່ານເລື່ອງລາວຕ່າງໆ.,entertainment
ຈໍໂທລະພາບຂະໜາດໃຫຍ່ຈຳນວນຫຼວງຫຼາຍໄດ້ຖືກຕິດຕັ້ງຢູ່ຕາມສະຖານທີ່ຕ່າງໆຂອງ Rome ເພື່ອໃຫ້ປະຊາຊົນໄດ້ຮ່ວມຊົມພິທີດັ່ງກ່າວ.,entertainment
Sophocles ແລະ Aristophanes ຍັງຄົງເປັນນັກຂຽນບົດລະຄອນທີ່ໄດ້ຮັບຄວາມນິຍົມຫຼາຍ ແລະ ບົດລະຄອນຂອງເຂົາເຈົ້າກໍຖືວ່າເປັນໜຶ່ງໃນບັນດາຜົນງານທີ່ຍິ່ງໃຫຍ່ທີ່ສຸດຂອງວັນນະກຳໂລກ.,entertainment
ແຕ່ລະງານຈະໃຫ້ຄໍາແນະນໍາໜັງສືທີ່ເດັກນ້ອຍຄວນຫາເມື່ອພວກເຂົາໄປຫ້ອງສະໝຸດພວກເຂົາ.,entertainment
"ຕາມເງື່ອນໄຂແລ້ວ, ເພື່ອໃຫ້ໄດ້ປະລິມານຫຼາຍຂຶ້ນ ທ່ານຕ້ອງໃຊ້ບັ້ງສູບດ້ວຍແຮງດັນ ຫຼື ຄວາມໄວທີ່ຫຼາຍຂຶ້ນ.",science/technology
ເຈົ້າສາມາດເຫັນປີຣະມິດຢູ່ໃນບ່ອນມືດ ແລະ ເຈົ້າສາມາດເຫັນມັນຢູ່ໃນຄວາມງຽບກ່ອນການສະແດງເລີ່ມ.,travel
"ຕົວຢ່າງຂອງກິດຈະກຳທີ່ຢູ່ໃນສະຖານທີ່ປະກອບມີການລ່າສັດ, ຫາປາ, ຖ່າຍຮູບ, ເບິ່ງນົກ ແລະ ຢ້ຽມຊົມສວນສາທາລະນະ ແລະ ການສຶກສາຂໍ້ມູນກ່ຽວກັບລະບົບນິເວດ.",travel
Sphinx ແມ່ນຖືກຈັດໃຫ້ເປັນພາບພື້ນຫຼັງ ແລະ ເປັນຜູ້ບັນລະຍາຍເລື່ອງເລົ່າທີ່ຍາວ.,entertainment
"ປົກກະຕິພວກເຂົາມັກຈະມີການສະເໜີອາຫານທີ່ພິເສດ, ເຄື່ອງດື່ມ ແລະ ຄວາມບັນເທີງເພື່ອເຮັດໃຫ້ແຂກມີອາລົມດີ ແລະ ເພື່ອໃຫ້ພວກເຂົາຢູ່ໃນສະຖານທີ່ພັກ.",entertainment
"ມີການລາຍງານເປັນພາສາອັງກິດ ແລະ ພາສາຍີ່ປຸ່ນແລ້ວ, ອົງການຈັດຕັ້ງທົ່ວໂລກກຳລັງເປີດຕົວໂປຣແກມເປັນພາສາ Spanish, Italian ແລະ Korean ສຳລັບໂທລະພາບ, ເວັບ ແລະ ອຸປະກອນມືຖື.",technology
ກ່ອນທີ່ Simpsons Simon ຈະໄດ້ເຮັດວຽກກ່ຽວກັບການສະແດງຫຼາຍອັນໃນຫລາຍຕຳແໜ່ງ.,entertainment
ມັນຈະຊ່ວຍໃຫ້ຜູ້ຫຼິ້ນສາມາດຄວບຄຸມການກະທຳ ແລະ ການເຄື່ອນໄຫວໃນເກມວີດີໂອໂດຍການຍ້າຍອຸປະກອນຜ່ານທາງອາກາດ.,science/technology
ຢ່າງຕ່ຳ 100 ຄົນທີ່ໄດ້ເຂົ້າຮ່ວມງານລ້ຽງ ເພື່ອສະເຫຼີມສະຫຼອງວັນຄົບຮອບປີທຳອິດຂອງຄູ່ຮັກທີ່ຫາກໍ່ແຕ່ງງານໃນປີກາຍນີ້.,entertainment
"ສອງເພງຈາກຮູບເງົາ Audition (The Fools Who Dream) ແລະ City of Stars, ໄດ້ຮັບການສະເໜີຊື່ໃຫ້ເປັນເພງຕົ້ນສະບັບທີ່ດີທີ່ສຸດ. ສະຕູດິໂອ Lionsgate ໄດ້ຮັບການສະເໜີຊື່ເຂົ້າຊິງ 26 ລາງວັນ ເຊິ່ງຫຼາຍກວ່າຫຼາຍກວ່າສະຕູດິໂອອື່ນໆ.",entertainment
ເປືອກໂລກມີຄວາມໜາປະມານ 70 ກມ ຢູ່ຝາກທີ່ໃກ້ ແລະ ໜາ 100 ກມ ຢູ່ຝາກທີ່ໄກ.,geography
ໄກອອກໄປທາງໃຕ້ ແມ່ນນ້ຳຕົກ ເນຍກາຣາ (Niagara) ແລະ ທິດ ເໜືອເປັນທີ່ຕັ້ງຂອງຄວາມງາມແບບທຳມະຊາດທີ່ຍັງບໍ່ຖືກນຳໃຊ້ ຂອງ ມຸສ໌ໂກກາ (Muskoka) ແລະ ທີ່ຢູ່ໄກອອກໄປ.,geography
"ແອວສະວອດ ແລນ (Ellsworth Land) ແມ່ນພາກພື້ນທາງທິດໃຕ້ຂອງ ເພນນີຊູນລາ (Peninsula), ຊຶ່ງຕິດກັບທະເລ ແບວລິງໂຊເຊນ (Bellingshausen).",geography
The South Pole Traberse (ຫຼື Highway) ແມ່ນເສັ້ນທາງ 1600 ກິໂລແມັດແຕ່ສະຖານີ McMurdo ເທິງທະເລ Ross ໄປຫາຂວ້າໂລກ.,geography
ພູເຂົາທີ່ສູງຊັນນີ້ຕັ້ງສະຫງ່າຢູ່ທາງເໜືອສຸດຂອງ Machu Picchu ເຊິ່ງມັກຈະເປັນສາກຫຼັງໃຫ້ກັບຮູບພາບຂອງຊາກບູຮານວັດຖຸຕ່າງໆ.,geography
"ເອັນເຊລາດັດສ໌ (Enceladus) ແມ່ນວັດຖຸທີ່ສະທ້ອນແສງຫຼາຍທີ່ສຸດໃນລະບົບສຸລິຍະ, ເຊິ່ງສາມາດສະທ້ອນກັບແສງກວ່າ 90 ເປີເຊັນຂອງແສງແດດທີ່ກະທົບໃສ່ມັນ.",science/technology
"ບໍ່ມີສິ່ງໃດສາມາດເຫັນນອກເໜືອຈາກທ້ອງຟ້າທີ່ແຈ່ມໃສ, ສວຍງາມຢູ່ທາງເທິງທ້ອງຟ້າ ແລະ ພູເຂົາຫຼາຍໜ່ວຍທີ່ຢູ່ອ້ອມຮອບ. ໜ້ອຍຫຼາຍໃນໂລກທີ່ີສາມາດເຫັນ ຫຼື ໄດ້ຍິນຈາກພາຍໃນຖ້ຳ.",geography
ປັດຈຸບັນນີ້ສຳລັບປະເທດຍີ່່ນແລ້ວ. ຍີ່ປຸ່ນເປັນປະເທດໝູ່ເກາະ ຄືກັນກັບອັງກິດ.,geography
ໃນຈຸດສູງສຸດຂອງມັນ ພາຍຸລະດູຮ້ອນ Cyclone Gonu ເຊິ່ງເປັນຊື່ຂອງຖົງໃສ່ໃບປາມໃນພາສາ Maldives ໄດ້ເກີດແຮງລົມທີ່ຄົງທີ່ເຖິງ 240 ກິໂລແມັດຕໍ່ຊົ່ວໂມງ (149 ໄມລ໌ຕໍ່ຊົ່ວໂມງ).,science/technology
"ພື້ນທີ່ຂອງປະເທດ Turkey ລວມທັງທະເລສາບມີເນື້ອທີ່ 783,562 ຕາລາງກິໂລແມັດ (300,948 ຕາລາງໄມລ໌), ໃນນັ້ນ 755,688 ຕາລາງກິໂລຕາແມັດ (291,773 ຕາລາງໄມລ໌) ແມ່ນຢູ່ພາກຕາເວັນຕົກສຽງໃຕ້ຂອງອາຊີ ແລະ 23,764 ຕາລາງກິໂລຕາແມັດ (9,174 ຕາລາງໄມລ໌) ຢູ່ດ້ານເອີຣົບ.",geography
"ໝູ່ເກາະ ເຊົາທ໌ ເຊັດແລນ (South Shetland) ຖືກຄົ້ນພົບໃນປີ 1819, ຖືກອ້າງສິດໂດຍຫຼາຍໆປະເທດ ແລະ ມີການໄປຕັ້ງຖານຫຼາຍທີ່ສຸດ ໂດຍມີສິບຫົກຖານກໍາລັງປະຕິບັດງານໃນປີ 2020.",geography
"Apia ແມ່ນນະຄອນຫຼວງຂອງປະເທດຊາມົວ. ຕົວເມືອງແມ່ນຢູ່ເທິງເກາະ Upolo ແລະ ມີປະຊາກອນທີ່ໜ້ອຍກວ່າ 40,000 ຄົນ.",geography
ເນື່ອງຈາກວ່າພາຍຸຢູ່ໄກຈາກແຜ່ນດິນໃຫຍ່ມັນຈຶ່ງມີຄວາມຫຍຸ້ງຍາກໃນການປະເມີນຜົນກະທົບທີ່ອາດຈະເກີດຂື້ນກັບສະຫະລັດອາເມລິກາ ຫຼື ຄາຣິບຽນ.,geography
ມັນຈະບາງກວ່າຢູ່ໃນເຂດພື້ນທີ່ຮາບຕ່ຳ ແລະ ໜາກວ່າໃນພື້ນທີ່ເປັນເນີນສູງ.,geography
ປ່າໄມ້ບໍ່ໄດ້ເປັນແຕ່ໜອງນ້ຳ — ພວກມັນລວມມີບາງສ່ວນທີ່ເຫຼືອສຸດທ້າຍຂອງປ່າອັນໃຫຍ່ນີ້ເຊິ່ງຄັ້ງໜຶ່ງເຄີຍຄວບຄຸມໄປຮອດທົ່ງພຽງ Gangetic.,geography
ແຜນທີ່ແຜ່ນດິນໄຫວສາກົນຂອງການສຳຫຼວດດ້ານທໍລະນີສາດຂອງສະຫະລັດອາເມລິກາໄດ້ສະແດງໃຫ້ເຫັນວ່າບໍ່ມີແຜ່ນດິນໄຫວເກີດຂຶ້ນຢູ່ປະເທດໄອແລນໃນອາທິດກ່ອນໜ້ານີ້.,science/technology
"ການພັກຜ່ອນຢູ່ເທິງຈອມພູແຫ່ງໜຶ່ງທາງພາກເໜືອຂອງເມືອງ Mecca, ຖໍ້າດັ່ງກ່າວແມ່ນແຍກອອກຈາກສ່ວນທີ່ເຫຼືອຂອງໂລກ.",travel
